Time [s]	#1 (DAPI)	#2 (DAPI)	#3 (DAPI)	#4 (DAPI)	#5 (DAPI)	#6 (DAPI)	#7 (DAPI)	#8 (DAPI)	#9 (DAPI)	#10 (DAPI)	#11 (DAPI)	#12 (DAPI)	#13 (DAPI)	#14 (DAPI)	#15 (DAPI)	#16 (DAPI)	#17 (DAPI)	#18 (DAPI)	#19 (DAPI)	#20 (DAPI)	#21 (DAPI)	#22 (DAPI)	#23 (DAPI)	#24 (DAPI)	#25 (DAPI)	#26 (DAPI)	#27 (DAPI)	#28 (DAPI)	#29 (DAPI)	#30 (DAPI)	#31 (DAPI)	#32 (DAPI)	#33 (DAPI)	#34 (DAPI)	#35 (DAPI)	#36 (DAPI)	#37 (DAPI)	#38 (DAPI)	#39 (DAPI)	#40 (DAPI)	#41 (DAPI)	#42 (DAPI)	#43 (DAPI)	#44 (DAPI)	#45 (DAPI)	#46 (DAPI)	#47 (DAPI)	#48 (DAPI)	#49 (DAPI)	#50 (DAPI)	#51 (DAPI)	#52 (DAPI)	#53 (DAPI)	#54 (DAPI)	#55 (DAPI)	#56 (DAPI)	#57 (DAPI)	#58 (DAPI)	#59 (DAPI)	#60 (DAPI)	#61 (DAPI)	#62 (DAPI)	#63 (DAPI)	#64 (DAPI)	#65 (DAPI)	#66 (DAPI)	#67 (DAPI)	#68 (DAPI)	#69 (DAPI)
13.530	3275.4	2792.87	1965.6	2723.21	2724.67	3171.88	2310.65	2312.04	1838.37	2221.51	2127.88	2992.91	2346.37	2229.65	3072.34	3301.73	2320.73	2472.51	3568.73	2980.56	2194.17	3033.94	3234.85	3216.1	2694.44	1794.6	1968.06	3175.71	2213.97	2590.48	2143.06	1964.53	2877.82	2592.01	2733.47	2170.83	3688.32	2824.71	2941.91	3195.33	2241.55	2227.44	2332.93	4400.29	3171.34	1827.55	3317.96	2105.71	2165.73	3415.6	1720.73	2176.84	1799.76	2192.13	2898.91	2911.49	2609.21	2033.33	2681.49	2889.77	2915.7	1672.29	2667.55	2183.7	2098.45	2137.92	2222.88	1732.11	2479.51
43.451	4129.2	3468.48	2374.34	3314.97	3367.54	3962.51	2858.02	2844.78	2232.41	2662.98	2609.26	3788.99	2859.98	2745.3	3875.49	4185.74	2840.36	3043.97	4572.67	3783.99	2700.47	3797.16	4086.58	4090.47	3361.79	2167.08	2456.53	4003.46	2734.04	3270.59	2661.93	2411.53	3620.3	3223.27	3443.16	2673.61	4725.01	3554.54	3697.57	4058.11	2785.09	2760.22	2886.61	5627.49	4030.72	2176.56	4224.58	2618.94	2685.61	4364.69	2100.84	2645.22	2176.73	2721.05	3649.63	3575.9	3227.91	2476.89	3351.71	3647.59	3614.15	2000.73	3307.02	2663.35	2568.69	2496.02	2624.26	2013.43	2955.18
73.434	4939.2	4131.61	2766.91	3877.09	3969.84	4738.8	3410.24	3349.72	2602.68	3092.23	3066.4	4541.63	3344.5	3283.24	4647.5	5017.75	3335.78	3602.84	5515.18	4534.35	3179.42	4547.71	4904.43	4909.65	3981.82	2545.53	2949.74	4785.59	3237.43	3926.02	3165.51	2849.78	4333.61	3828.56	4126.65	3152.75	5683.33	4225.67	4434.04	4883.56	3340.25	3274.43	3426.06	6775.5	4865.99	2488.43	5076.1	3115.15	3177.88	5208.15	2478.86	3160.56	2572.97	3276.53	4381.94	4233.89	3818.82	2910.67	3986.61	4370.47	4305.66	2303.79	3905.01	3129.04	2990.57	2850.94	3003.29	2289.24	3404.11
103.589	5760.85	4787.09	3179.53	4426.84	4604.99	5522.77	3986.24	3896.45	2978.78	3537.98	3540.36	5318.85	3879.06	3828.18	5430.56	5874.07	3856.62	4151.36	6473.18	5298.72	3674.23	5316.4	5730.76	5709.43	4621.81	2940.21	3471.49	5567.49	3737.85	4603.34	3714.31	3296.35	5050.15	4479.2	4826.93	3637.45	6632.42	4913.77	5170.82	5718.79	3913.37	3818.69	3968.74	7924.01	5718.31	2838.75	5978.02	3603.03	3699.97	6072.47	2869.09	3691.08	2986.6	3836.58	5112.63	4863.13	4425.7	3363.8	4642.8	5118.02	4977.92	2622.76	4519.86	3621.73	3434.92	3199.73	3422.09	2559.44	3842.61
134.041	6609.26	5486.32	3611.32	5039.13	5273.11	6382.23	4592.39	4486.17	3418.71	3992.48	4076.8	6165.23	4438.62	4433.63	6258.2	6773.98	4436.31	4743.52	7499.22	6112.64	4201.85	6176.91	6600.62	6598.65	5327.19	3369.31	4087.56	6405.46	4287.03	5343.96	4320.27	3789.2	5828.81	5203.36	5612.96	4168.15	7662.33	5636.53	5989.82	6631.29	4537.85	4396.37	4589.53	9137.08	6605.19	3229.33	6923.74	4171.81	4273.19	7027.6	3322.76	4260.76	3453.9	4479.09	5916.19	5554.67	5067.31	3861.95	5362.11	5917.12	5721.96	2994.73	5156.87	4182.46	3904.18	3606.8	3828.16	2915.24	4357.7
163.993	7474.73	6183.01	4083.11	5626.38	5958.25	7265.01	5243.18	5065.9	3874.16	4472.6	4608.81	7025.02	5037.3	5076.73	7127.66	7678.97	5032.24	5354.08	8554.54	6938.11	4733.41	7009.39	7509.5	7470.26	6018.29	3829.82	4725.89	7249.6	4862.6	6117.72	4961.17	4289.39	6609.05	5932.2	6404.78	4705.73	8680.69	6375.09	6803.2	7558.15	5198.63	5019.19	5194	10336.15	7552.06	3609.47	7903.05	4716.01	4862.53	7965.55	3793.29	4856.24	3919.49	5134.28	6722.39	6271.41	5739.49	4368.54	6064.57	6739.29	6468.25	3354.3	5806.55	4711.6	4381.21	4020.55	4280.14	3250.83	4858.59
193.976	7964.15	6570.97	4366.2	5995.55	6366.02	7767.67	5648.69	5443.74	4147.03	4758.95	4944.77	7523.36	5389.25	5459.38	7629.51	8173.64	5435.13	5691.04	9158.95	7419.36	5059.01	7566.16	8029.03	7977.46	6423.99	4114.1	5150.39	7734.86	5186.08	6585.93	5380.49	4614.39	7052	6413.71	6883.25	5043.76	9224.63	6776.54	7302.81	8099.96	5624.38	5392.41	5580.55	11016.46	8093.18	3855.84	8493.61	5077.44	5234.98	8495.13	4122.92	5260.11	4250.53	5575.7	7219.42	6691.42	6124.37	4705.76	6504.76	7266.13	6879.41	3599.24	6180.64	5057.02	4657.73	4261.43	4550.07	3491.76	5168.69
223.944	8732.67	7210.47	4774.23	6526.38	7017.2	8544.98	6257.13	5994.85	4576.5	5212.58	5433.49	8304.66	5948.05	6066.24	8398.14	8989.06	5992.27	6225.05	10083.92	8138.02	5532.92	8378.29	8790.63	8720.18	7043.09	4575.61	5813.18	8465.84	5697.84	7309.93	5977.37	5093.31	7745.73	7107.86	7578.25	5518.11	10156.34	7414.42	8046.26	8918.45	6233.63	5948.2	6138.7	11984.44	8915.23	4207.8	9393.84	5601.02	5809.69	9318.69	4568.46	5851.34	4724.55	6216.82	7969.58	7345.87	6710.94	5178.26	7143.02	8004.7	7542.98	3958.58	6759.57	5580.72	5085.07	4621.57	4964.61	3812.95	5609.73
253.896	9372.96	7717.09	5148.67	6995.75	7508.86	9194.86	6755.09	6458.97	4925.3	5565.3	5851.89	8921.71	6377.72	6581.43	9021.4	9595.87	6489.81	6635.78	10850.12	8737.01	5944.73	9035.43	9423.98	9342.25	7519.43	4961.82	6383.17	9038.1	6128.85	7909.43	6544.04	5480.38	8321.35	7725.3	8206.68	5927.48	10838.63	7962.45	8655.67	9599.94	6788.24	6455.99	6618.92	12563.56	9622.36	4501.55	10126.53	6021.5	6294.97	9993.86	4978.68	6331.95	5122.86	6784.93	8603.75	7839.82	7198.03	5579.99	7675.43	8627.24	8094.65	4286.17	7222.19	6030.52	5448.4	4945.48	5319.6	4110.73	5992.82
283.911	9969.18	8173.35	5511.95	7399.79	8014.1	9814.12	7262.66	6940.65	5272.78	5935.17	6258.81	9544.7	6840.16	7099.64	9637.57	10208.5	6954.54	7063.97	11446.44	9330.38	6321.25	9728.65	10024.71	9921.87	7990.05	5340.64	6963.4	9591	6515.25	8503.9	7058.49	5887.04	8870.99	8290.4	8805.26	6308.46	11496.88	8441.08	9243.47	10240.04	7341.86	6939.74	7085.77	13001.77	10293.8	4797.44	10830.78	6454.77	6759.65	10639.06	5386.31	6838.97	5546.4	7345.87	9227.6	8347.07	7669.62	5976.57	8199.47	9233.8	8605.12	4582.82	7665.62	6451.85	5782.01	5250.02	5661.12	4373.17	6356.34
313.848	10831.53	8884.86	6032.79	8044.87	8768.37	10776.75	8011.65	7599.34	5779.28	6474.66	6859.37	10441.42	7523.39	7838.09	10520.71	10959.19	7645.57	7678.77	12080.99	10179.78	6909.83	10704.62	10946.33	10761.88	8711.48	5913.03	7783.43	10454.84	7128.95	9364.85	7825.85	6477.59	9665.74	9162.93	9673.97	6907.85	12262.48	9206.93	10099.83	11159.88	8114.1	7641.9	7766.35	13425.77	11308.42	5239.59	11845.85	7093.8	7439.49	11615.17	5969.34	7599.09	6133.72	8151.4	10099.97	9102.78	8393.64	6560.19	8989.3	10149.38	9377.54	5024.65	8363.97	7064.19	6312.32	5705.31	6135.9	4803.01	6905.14
343.831	11480.39	9383.65	6423.82	8505.19	9303.19	11423.33	8557.64	8120.38	6187.46	6863.79	7351.64	11069.68	8016.2	8404.32	11187.01	11404.64	8201.77	8127.21	12443.29	10803.68	7337.02	11456	11608.7	11234.38	9217.39	6345.45	8456.42	11062.23	7567.16	10002.04	8434.53	6901.4	10253.17	9827.28	10317.24	7335.74	12651.71	9759.29	10761.48	11638.65	8712.33	8176.48	8277.29	13601.98	12018.9	5588.1	12469.6	7570.16	7957.01	12308.07	6450.81	8123.92	6596.68	8757.91	10802.54	9614.13	8920.71	7057.56	9538.96	10835.52	9931.76	5404.97	8831.68	7562.53	6675.87	6034.75	6510.02	5109.19	7321.93
373.939	12248.36	10094.82	6950.89	9146.8	10029.96	12380.3	9295.79	8792.84	6712.97	7377.53	7945.19	11797.56	8731.78	9180.22	11892.36	11875.37	8905.56	8755.01	12742.64	11481.84	7919.25	12460.6	12330.38	11771.29	9935.39	6921.16	9293.96	11818.43	8160.84	10829.25	9245.06	7505.96	10954.19	10701.05	11102.68	7917.23	13026.58	10458.31	11619.85	12147.77	9501.95	8885.02	8971.4	13774.29	12810.16	6030.91	13117.03	8217.24	8656.27	13242.25	7061.59	8896.13	7217.79	9558.57	11687.11	10376.63	9619.03	7647.52	10334.66	11754.51	10736.04	5860.57	9500.74	8196.08	7174.36	6509.58	6962.81	5550.98	7876.66
403.969	11505.21	9390.07	6563.43	8584.09	9405.91	11569.26	8762.06	8309.33	6315.56	6961.72	7471.85	11217.73	8217.12	8644.47	11275.97	11385.06	8427.57	8168.6	12476.34	10845.37	7416.74	11721.93	11649.06	11234.93	9239.44	6572.25	8872.28	11065.64	7629.86	10236.22	8782.31	7069.33	10312.63	10082.44	10520.22	7428.48	12620.37	9745.8	10886.01	11708.7	8990.36	8395.61	8425.14	13611.61	12156.26	5686.09	12597.87	7760.16	8178.38	12379.92	6714.05	8426.81	6875.89	9092.67	11021.81	9724.55	9004.26	7206.67	9677.61	11006.49	10019.73	5560.77	8858.33	7716.24	6707.62	6137.24	6590.25	5263.28	7400.63
433.828	12202.31	10042.32	7069.7	9129.88	10087.21	12411.76	9449.75	8943.59	6793.24	7435.74	8069.15	11823.08	8858.87	9371.84	11895.4	11848.3	9103.67	8752.63	12759.67	11482.83	7936.26	12642.15	12297.85	11728.95	9856.98	7145.74	9690.67	11763.36	8193.99	10954.18	9552.26	7640.27	10942.88	10879.55	11205.49	7954.04	12989.38	10422.3	11673.97	12163.72	9749.89	9074.06	8871.7	13779.98	12857.64	6115.53	13149.89	8361.01	8845.52	13254.3	7299.17	9134.67	7449.02	9846.99	11858.12	10380.95	9663.38	7785.55	10398.82	11852.87	10717.82	6032.42	9462.58	8352	7189.72	6556.4	7051.64	5678.31	7918.82
463.905	12657.42	10545.02	7475.9	9603.93	10438.32	12836.84	10009.05	9468.11	7202.28	7879.92	8509.25	12191.88	9394.33	9965.08	12301.93	12119.4	9707.87	9214.83	12919.49	11837.04	8378.28	13397.67	12685.19	12015.61	10331.25	7598.21	10363.57	12243.3	8637.45	11418.15	10156.15	8089.56	11372.13	11535.72	11658.75	8406.14	13195.43	10946.74	12212.21	12402.45	10349.92	9624.8	9564.93	13858.97	13289.58	6463.36	13483.65	8862.33	9428.26	13802.41	7798.69	9679.05	7957.71	10501.51	12522.54	10897.13	10165.88	8254.78	10999.78	12506.95	11296.85	6396.88	9935.87	8835.31	7539.26	6899.16	7403.57	6019.86	8322.31
493.764	12902.83	10832.42	7781.26	9919.96	10960.86	13487.33	10412.7	9828.23	7487.59	8145.86	8877.35	12398.85	9778.75	10422.78	12521.34	12273.56	10066.07	9484.89	13003.47	12058.69	8680.62	13846.94	12919.37	12140.07	10696.28	7923.08	10910.82	12511.66	8908.49	11705.51	10645.14	8421.91	11609.71	12007.38	11941.23	8700.2	13293.1	11296.45	12507.1	12504.94	10796.08	10041.49	9920.76	13906.93	13539.93	6705.72	13688.56	9229.45	9808.63	14153.56	8176.06	10111.77	8329.68	10982.26	12988.53	11249.04	10498.18	8609.36	11358.6	12939.6	11644.45	6686.9	10234.69	9185.91	7808.63	7133.39	7639.91	6249.17	8540.87
523.841	12797.19	10725.04	7748.52	9791.06	10879.07	13355.13	10392.51	9814.56	7460.11	8100.39	8844.45	12355.52	9752.58	10420.35	12469.82	12219.8	10055.57	9354.89	12971.86	12001.84	8611.97	13834.25	12849.72	12048.57	10570.92	7959.09	10945.27	12389.37	8843.7	11685.75	10688	8409.98	11537.87	11960.09	11900.67	8640.41	13243.38	11153.93	12449.34	12490.27	10803.96	10008.85	9856.76	13883.69	13478.34	6692	13648.79	9189.37	9792.46	14038.57	8204.65	10106.15	8356.56	10958.1	12931.09	11179.28	10423.85	8585.56	11256.23	12803.65	11555.9	6705.25	10102.36	9168.21	7710.04	7105.9	7569.24	6237.18	8534.84
554.152	13124.49	11155.79	8119.04	10251.58	11361.65	13885.76	10911.53	10300.73	7829.63	8482.49	9304.43	12598.79	10272.22	10966.7	12699.54	12401.94	10607.65	9731.83	13054.85	12221.97	8984.1	14360.55	13110.65	12257.73	11025.15	8410.91	11590.47	12724.76	9246.12	12006.37	11263.38	8836.93	11854.39	12574.47	12183.36	9035.82	13384.34	11640.06	12783.47	12620.84	11345.64	10559.53	10355.76	13928.94	13779.22	7019.24	13823.92	9668.51	10335.76	14445.17	8695.21	10657.49	8865.22	11566.96	13539.46	11669.42	10887.87	9045.11	11800.35	13372.02	12046.54	7107.27	10550.86	9625.67	8058.3	7414.08	7923.62	6554.86	8911.4
584.166	13455.33	11759.25	8663.61	10815.27	12019.78	14434.16	11596.89	10929.74	8307.53	8976.76	9882.69	12819.34	10942.68	11559.69	12933.52	12600.34	11285.61	10308.91	13126.95	12491.5	9506.04	14880.61	13388.58	12461.33	11623.72	9022.35	12221.46	13086.77	9791.99	12326.66	11880.46	9406.91	12186.86	13222.91	12457.61	9541.01	13518.23	12261.86	13160.17	12736.03	11954.1	11257.95	10976.77	13978.15	14070.58	7448.58	14029.97	10289.52	11025.82	14876.92	9293.71	11304.51	9474.42	12288.34	14227.25	12292.79	11524.76	9648.89	12447.99	13985.48	12787.09	7573.93	11111.18	10227.5	8514.96	7856.3	8350.86	6982.27	9407.33
614.399	13659.1	12228.56	9032.3	11223.98	12506.63	14706.55	12056.15	11431.8	8698.31	9330.12	10344.56	12947.87	11479.21	11980.42	13044.1	12726.37	11792.82	10699.3	13145.25	12623.69	9886.33	15212.4	13531.06	12581.45	12025.32	9450.68	12682.18	13287.01	10185.69	12483.21	12276.61	9850.34	12415.43	13679.66	12606.91	9965.31	13603.75	12710.05	13349.45	12790.05	12366.94	11783.7	11458.29	13997.45	14223.38	7797.52	14117.13	10757.97	11557.87	15168.95	9792.87	11853.07	9974.57	12747.8	14656.64	12748.67	12007.12	10117.7	12984.24	14362.68	13297.91	7934.41	11521.54	10683.02	8836.4	8170.48	8714.88	7274.43	9805.91
644.305	13839.11	12600.88	9422.78	11668.27	12957.4	14982.43	12440.54	11901.42	9078.09	9732.47	10819.33	13039.74	11979.98	12368.67	13138.36	12811.92	12306.45	11046.71	13168.1	12711	10257.25	15440.91	13635.5	12674.33	12397.94	9915.87	13021.23	13436.5	10527.39	12624.62	12610.37	10262.29	12586.48	14015.28	12710.23	10369.2	13649.35	13083.91	13486.09	12822.22	12686.33	12279.94	11888.86	14017.01	14337.4	8137.6	14196.16	11197.62	12030.44	15359.82	10285.46	12372.76	10443.09	13168.09	14981.49	13265.89	12462.96	10560.89	13510.24	14680.28	13736.44	8328.82	11903.55	11130.54	9142.1	8474.98	9013.68	7589.5	10146.34
674.460	13859.64	12753.15	9628.66	11808.9	13093.06	15065.74	12584.12	12090.01	9233.2	9847.83	11012.06	13065.49	12225.46	12511.01	13160.45	12814.26	12559.91	11178.15	13163.91	12737.01	10445.65	15554.94	13653.46	12705.49	12476.13	10150.82	13155.25	13495.63	10702.04	12659.97	12732.1	10424.05	12638.68	14181.29	12729.57	10501.49	13663.61	13160.83	13524.75	12832.1	12797.84	12440.69	12050.31	14020.63	14365.28	8285.13	14225.16	11385.51	12281.27	15411.79	10462.52	12552.65	10680.53	13325.85	15083.97	13379.04	12603.55	10752.54	13675.53	14765.87	13916.17	8504.56	11987.52	11319.28	9228.94	8628.9	9111.4	7707.09	10300.74
704.474	13931.91	12940.45	9853.13	12093.05	13326.91	15176.66	12826.24	12365.15	9435.32	10075.85	11303.84	13111.43	12520.71	12689.79	13193.92	12871.31	12830.2	11373.89	13177.61	12771.42	10644.83	15649.78	13715.12	12734.96	12639.83	10447.57	13332.9	13559.29	10898.39	12730.45	12876.16	10687.6	12706.26	14325.7	12771.41	10759.26	13678.44	13335.36	13578.51	12841.29	12935.56	12726.51	12290.56	14034.69	14408.78	8459.31	14265.98	11647.81	12570.51	15506.43	10806.77	12870.72	10986.69	13497.82	15278.02	13620.22	12865.73	11049.39	13917.37	14924.23	14102.17	8755.02	12210.19	11578.7	9418.1	8807.29	9275.34	7900.18	10544.56
734.379	13846.21	12750.41	9797.2	11933.89	13179.73	15077.04	12760.73	12234.51	9390.4	10016.33	11249.17	13094.24	12439.27	12636.52	13169.84	12815.08	12776.22	11250.89	13183.73	12754.9	10527.61	15601.42	13667.76	12695.49	12468.97	10432.39	13318.4	13483.06	10796.99	12716.75	12855.8	10610.9	12654.84	14228.23	12755.36	10654.02	13668.9	13172.34	13555.1	12832.6	12903.7	12671.4	12186.79	14025.94	14375.36	8418.56	14237.94	11558.45	12494.9	15476.5	10765.69	12758.89	10937.86	13457.37	15205.98	13461.58	12706.53	10965.62	13776.04	14860.5	13961.74	8753.78	12030.9	11477.5	9317	8716.59	9192.67	7868.38	10383.99
764.410	14032.34	13298.77	10355.43	12551.31	13747.44	15343.25	13190.49	12830.37	9871.26	10531.54	11859.85	13181.07	13193.98	12980.74	13255.24	12929.48	13384.97	11823.62	13197.1	12837.12	11082.03	15804.6	13766.78	12806.57	12934.9	11053.44	13589.26	13657.84	11330.65	12823.36	13106.58	11108.69	12806.46	14606.33	12830.41	11198.76	13709.12	13595.85	13660.85	12853.55	13179.74	13165.58	12751.12	14046.96	14465.84	8869.89	14299.8	12068.53	13066.4	15679.54	11405.32	13416.62	11523.6	13873.41	15518.51	14070.22	13341.55	11609.04	14383.21	15159.6	14483.03	9255.74	12580.75	12057.54	9752.79	9141.84	9586.77	8295.69	10929.28
794.752	13915.91	12962.94	10149.2	12250.91	13390.23	15170.6	12984.05	12533.53	9660.53	10287.02	11648.9	13148.2	12918.38	12878.96	13226.49	12863.29	13149.98	11447.32	13188.62	12780.5	10863.69	15688.01	13715.95	12724.59	12666.71	10858.51	13538.93	13561.91	11069.53	12780.58	13041.3	10929.74	12740.36	14422.75	12796.78	10919.62	13668.17	13370.75	13614.49	12843.6	13082.3	12993.55	12513.51	14029.88	14415.39	8711.57	14265.74	11873.62	12855.88	15542.6	11212.37	13105.91	11346.74	13710.87	15391.06	13726.48	13015.54	11340.34	14110.14	14992.17	14200.21	9118.94	12232.73	11835.68	9513.62	8910.82	9383.28	8115.7	10663.97
824.985	14004.24	13316.26	10530.86	12637.47	13761.3	15323.42	13286.59	12988.19	10044.52	10676.06	12003.56	13182.77	13422.01	13067.69	13265.22	12945.75	13568.24	11846.39	13194.4	12831.1	11190.18	15828.83	13774.29	12789.68	12918.42	11331.74	13687.45	13658.46	11448.04	12836.82	13171.02	11249.81	12844.61	14659.33	12831.76	11319.53	13702.15	13644.44	13674.67	12851.99	13233.92	13341.51	12854.84	14041.43	14479.46	9055.07	14299.43	12213.08	13238.12	15690.93	11623.46	13543.61	11739.08	13926.02	15600.18	14116.98	13485.07	11792.67	14495.94	15216.9	14522.29	9494.76	12615.34	12297.85	9830	9239.91	9707.75	8428.48	11037.02
855.280	14115.46	13647.7	10949.23	13045.41	14115.25	15477.78	13530.86	13382.89	10410.77	11081.37	12449.65	13224.87	13958.02	13231.81	13302.86	13011.92	13967.45	12220.14	13206.93	12876.62	11551.89	15946.57	13826.91	12848.58	13192.43	11744.31	13795.57	13746.37	11798.71	12883.47	13273.84	11564.13	12917.26	14858.4	12862.66	11697.44	13728.89	13900.91	13720.11	12864.53	13372.22	13660.01	13193.87	14048.87	14529.81	9406.97	14329.43	12502.31	13596.61	15796.59	11998.64	13951.3	12108.78	14131.02	15790.78	14468.11	13870.16	12250.71	14836.44	15379.41	14844.73	9924.7	13027.93	12729.95	10160.03	9558.2	9999.87	8723.63	11370.03
885.310	14291.75	14149.19	11634.85	13713.75	14550.27	15721.66	13854.51	13944.6	11031.97	11732.25	13039.74	13258.14	14686.92	13412.81	13345.11	13083.75	14516.12	12923.09	13209.55	12934.81	12102.42	16039.36	13891.91	12910.74	13555.28	12379.76	13936.09	13873.61	12362.49	12920.81	13371.07	12011.01	13016.75	15074.54	12888.03	12264.64	13757.72	14268.72	13776.49	12875.11	13491.47	14030.67	13652.1	14053.88	14575.12	9989.12	14369.57	12857.1	14081.57	15942.32	12571.56	14518.99	12604.4	14359.03	16014.03	15054.35	14542.51	13033.66	15264.18	15597.84	15266.16	10558.94	13708.74	13488.03	10706.74	10106.9	10504.74	9236.75	12051.37
