Time [s]	#1 (DAPI)	#2 (DAPI)	#3 (DAPI)	#4 (DAPI)	#6 (DAPI)	#7 (DAPI)	#8 (DAPI)	#9 (DAPI)	#10 (DAPI)	#11 (DAPI)	#12 (DAPI)	#13 (DAPI)	#14 (DAPI)	#15 (DAPI)	#16 (DAPI)	#17 (DAPI)	#18 (DAPI)	#19 (DAPI)	#20 (DAPI)	#21 (DAPI)	#22 (DAPI)	#24 (DAPI)	#25 (DAPI)	#26 (DAPI)	#27 (DAPI)	#28 (DAPI)	#29 (DAPI)	#30 (DAPI)	#31 (DAPI)	#32 (DAPI)	#33 (DAPI)	#34 (DAPI)	#35 (DAPI)	#36 (DAPI)	#37 (DAPI)	#38 (DAPI)	#39 (DAPI)	#40 (DAPI)	#41 (DAPI)	#42 (DAPI)	#43 (DAPI)	#44 (DAPI)	#45 (DAPI)	#46 (DAPI)	#47 (DAPI)	#48 (DAPI)	#49 (DAPI)	#50 (DAPI)	#51 (DAPI)	#52 (DAPI)	#53 (DAPI)	#54 (DAPI)	#55 (DAPI)	#56 (DAPI)	#57 (DAPI)	#58 (DAPI)	#59 (DAPI)
16.837	1220.81	1299.18	1304.6	1318.66	1408.35	1208.11	1332.56	1146.71	1224.84	1157.39	1417.72	1389.63	1074.21	1021.47	1178.61	1083.07	1124.62	1109.6	1300.23	1016.7	1266.92	997.41	1293.75	1182.6	1347.09	1192.44	1324.64	1326.54	1284.6	1010.48	1040.35	1194.38	1051.61	1095.15	1073.05	1147.96	1199.05	1056.57	1008.86	1167.65	1036.15	1106.65	1145.42	1202.08	1066.65	1134.83	1098.96	1249.66	1773.57	1231.97	1119.5	1063.18	1531.72	1261.1	1249.23	1056.52	1373.66
46.758	1326.81	1463.48	1465.46	1412.31	1544.39	1345.36	1505.33	1234.47	1369.29	1275.79	1551.37	1549.57	1151.22	1081.46	1268.2	1165.82	1204.59	1218.97	1461.53	1089.8	1430.42	1087.25	1430.56	1290.54	1481.58	1279.42	1435.27	1453.18	1415.34	1106.51	1136.38	1336.91	1125.85	1207.03	1191.98	1304.65	1323.2	1139.65	1079.52	1282.73	1136.87	1187.03	1264.71	1358.24	1184.35	1255.35	1213.43	1338.42	2008.99	1360.82	1224.24	1125.4	1677.87	1310.73	1382.6	1154.04	1486.75
76.773	1473.38	1677.62	1652.78	1533.45	1709.95	1531.39	1728.12	1354.19	1567.34	1429.02	1728.89	1756.01	1273.58	1159.53	1396.42	1286.13	1328.69	1380.67	1676.24	1198.19	1624.36	1217.37	1625.15	1443.02	1661.07	1413.71	1588.27	1638.57	1587.94	1245.97	1271.71	1528.78	1224.9	1358.78	1355.27	1515.55	1497	1248.78	1173.94	1432.78	1286.32	1287.86	1430.29	1585.11	1363.1	1410.92	1355.52	1459.26	2307.83	1539.43	1368.69	1208.45	1875.36	1400.99	1567.72	1291.7	1639.62
106.912	1590.87	1883.06	1823.5	1620.55	1860.91	1700.41	1952.36	1458.91	1744.44	1563.65	1879.13	1929.31	1376.27	1225.42	1502.24	1385.45	1438.43	1519.57	1859.57	1289.9	1792.7	1347.54	1803.38	1574.14	1820.35	1536.61	1738.57	1796.57	1745.08	1400.52	1400.49	1718.84	1299.97	1495.32	1512.27	1717.99	1637.54	1351.79	1254.25	1557.83	1426.57	1387.76	1573.87	1790.52	1539.02	1564.71	1495.8	1550.31	2557.05	1694.46	1497.58	1285.18	2048.6	1455.47	1741.84	1442.03	1756.92
137.317	1753.27	2165.79	2083.57	1769.87	2092.97	1947.07	2257.9	1596.3	2014.01	1749.86	2110.04	2175.26	1545.53	1333.96	1672.85	1540.07	1602.72	1736.4	2131.42	1429.62	2036.56	1525.51	2046.33	1781.11	2043.66	1711.6	1945.87	2031.65	1974.93	1631.93	1592.4	1972.41	1436.34	1709.26	1731.27	2000.03	1846.47	1506.45	1386.8	1733.93	1631.71	1526.65	1779.15	2098.29	1794.62	1786.41	1693.69	1685.61	2896.37	1912.48	1682.63	1402.83	2265.57	1536.41	1994.99	1655.88	1966.71
167.300	1888.19	2427.45	2285.07	1881.46	2299.23	2164.82	2548.08	1725.6	2255.17	1932.2	2295.36	2380.23	1678.91	1407.85	1819.54	1678.28	1757.83	1906.61	2365.52	1541.6	2233.01	1705.04	2284.71	1960.09	2242.06	1863.72	2129.86	2238.44	2193.03	1862.87	1769.73	2211.75	1530.49	1907.46	1944.45	2278.15	2025.86	1637.11	1500.41	1891.06	1824.97	1649.01	1960.8	2387.53	2042.61	1972.62	1870.47	1800.92	3181.59	2108.15	1850.44	1491.42	2456.27	1595.91	2236.91	1869.16	2133.21
197.237	2011.28	2671.16	2461.8	1991.96	2512.76	2374.4	2830.53	1819.31	2491.75	2069.05	2472.22	2571.85	1813.53	1483.73	1962.29	1791.43	1899.62	2093.35	2587.75	1644.99	2415.07	1881.81	2498.1	2123.07	2428.6	1997.87	2302.46	2436.18	2375.56	2110.53	1931.49	2438.37	1629.57	2087.11	2150.88	2551.24	2183.22	1764.6	1598.26	2028.26	2015.15	1762.2	2140.47	2674.92	2283.89	2168.96	2039.46	1905.34	3430.2	2293.86	2006.21	1566.1	2609.6	1648.76	2466.25	2063.79	2278.07
227.267	2136.77	2974.58	2710.51	2123.19	2743.91	2626.34	3161.9	1945.19	2779.29	2263.58	2684.01	2785.09	1977.98	1571.46	2134.42	1942.05	2071.89	2305.56	2847.18	1780	2631.29	2102.94	2762.7	2332.17	2646.37	2164.1	2515.72	2685.38	2609.13	2398.4	2140.81	2714.42	1745.56	2320.48	2405.44	2895.42	2379.45	1918.99	1734.24	2194.37	2252.54	1915.62	2348.69	3006.55	2581.29	2388.07	2240.38	2010.9	3726.24	2510.76	2210.89	1673.64	2799.37	1724.45	2767.34	2321.32	2482.87
257.219	2275.72	3287.34	2947.98	2268.55	3010.5	2907.92	3548.7	2084.13	3086.08	2461.3	2917.99	3022.95	2173.75	1668.69	2318.75	2108.32	2263.17	2545.47	3126.37	1929.19	2863.95	2344.76	3041.87	2566.7	2885.21	2370.29	2751.72	2928.31	2860.98	2724.59	2365.26	3016.93	1872.72	2563.98	2681.89	3245.53	2579.53	2087.3	1879.42	2383.09	2500.53	2058.46	2579.45	3374.74	2920.26	2624.96	2457.55	2139.47	4028.75	2751.46	2419.27	1783.92	3040.91	1803.35	3077.95	2605.54	2702.08
287.171	2419.41	3594.83	3183.89	2408.82	3276.93	3181.36	3908.58	2195.05	3406.75	2663.88	3146.8	3234.54	2356.64	1763.43	2492.09	2260.22	2456.74	2784.1	3384.24	2064.7	3081.45	2587.65	3327.89	2794.74	3112.8	2539.64	2974.89	3173.88	3111.39	3037.73	2593.39	3319.24	2009.61	2815.56	2955.85	3598.66	2772.08	2249.72	2016.61	2556.15	2754.66	2211.21	2793.69	3743.07	3250.13	2871.52	2683.27	2259.87	4312.75	2974.45	2629.29	1882.07	3220.75	1877.38	3397.65	2886.19	2917.42
317.155	2602.28	4040.59	3495.29	2596.12	3620.14	3548.38	4402.57	2372.46	3810.13	2930.53	3435.06	3525.65	2602.4	1897.24	2752.7	2478.15	2712.69	3072.53	3750.94	2261.78	3367.19	2900.81	3694.58	3091.42	3438.31	2798.53	3273.92	3516.75	3431.72	3476.3	2884.05	3699.48	2186.92	3140.79	3323.97	4061.41	3057.3	2488.46	2218.18	2792.36	3103.41	2418.16	3101.52	4214.87	3683.09	3183.45	2961.2	2426.09	4698.6	3286.34	2901.81	2020.63	3469.29	1993.51	3795.67	3257.1	3194.19
347.138	2725.57	4368.71	3741.31	2733.46	3914.27	3838.79	4821.09	2488.21	4157.78	3119.95	3687.04	3749.15	2829.11	1991.45	2966.26	2640.12	2920.22	3322.67	4024.94	2397.51	3588.89	3176.23	4006.04	3333.19	3668.7	2996.17	3523.98	3781.37	3697.68	3836.45	3138.86	4010.29	2322.07	3417.15	3617.16	4462.38	3252.03	2668.12	2372.66	2968.71	3375.46	2590.63	3326.41	4619.36	4050.93	3442.65	3186.23	2562.37	4966.55	3535.27	3126.69	2138.48	3675.95	2070.48	4143.87	3561.3	3407.86
377.231	2938.29	4873	4107.69	2977.37	4327.76	4291.42	5397.25	2700.94	4642.58	3443.75	4036.15	4115.84	3112.14	2154.65	3258.5	2911.24	3220.47	3688.37	4448.06	2624.16	3936.66	3547.19	4447.62	3678.73	4024.52	3288.52	3882.44	4162.86	4075.99	4341.31	3499.11	4449.26	2547.56	3804.31	4055.92	5020.42	3564.82	2954.52	2610.53	3234.62	3785.39	2829.31	3673.04	5167.23	4554.32	3808.05	3531.59	2745.37	5382.3	3906	3447.24	2308.02	4000.68	2192.7	4616.67	3996.5	3745.3
407.230	2797.94	4729.54	3924.93	2842.19	4225.42	4157.3	5259.94	2567.82	4525.2	3296.15	3897.71	3916.42	3020.43	2066.87	3158.48	2800.21	3119.8	3554.64	4261.75	2523.89	3762.46	3462.11	4311.73	3577.1	3880.25	3163.33	3765.56	4033.86	3936.62	4302.78	3405.72	4307.56	2463.36	3701.25	3939.19	4898.84	3436.77	2871.05	2523.55	3099.83	3690.07	2738.97	3552.92	5043.93	4446.61	3707.93	3397.19	2638.74	5120.91	3770.55	3342.69	2215.78	3811.34	2107.54	4498.31	3931	3616.44
437.151	3043.78	5289.57	4366.57	3128.99	4709.62	4659.76	5948.27	2806.31	5084.71	3662.31	4332.28	4326.78	3388.42	2271.51	3520.36	3103.25	3467.39	3964.65	4757.83	2803.72	4168.82	3928.1	4803.74	3983.15	4323.01	3524.85	4175.02	4478.48	4375.89	4853.82	3827.99	4812.9	2725.59	4162.03	4431.03	5540.61	3797.7	3188.43	2808.14	3432	4158.4	3021.55	3968.87	5684.86	5037.47	4124.81	3799.61	2869.88	5617.06	4185.53	3722.05	2425.29	4167.7	2260.27	5071.45	4440.59	3975.33
467.165	3142.61	5600.83	4561.27	3257.54	4964.95	4948.29	6295.64	2892.05	5397.88	3824.84	4530.87	4493.47	3581	2347.37	3701.84	3262.67	3660.46	4166.51	4973.73	2929.39	4349.46	4169.52	5069.78	4197.93	4524	3687.71	4410.92	4713.1	4598.56	5201.39	4049.54	5065.62	2861.22	4410.52	4706.73	5905.48	3977.93	3367.41	2951.39	3573.48	4404.55	3179.34	4159.88	6023.78	5361.28	4348.18	3993.98	2976.35	5819.67	4396.88	3905.22	2518.14	4314.36	2317.64	5369.46	4711.33	4164.87
497.040	3287.9	5999.92	4847.45	3439.93	5302.45	5311.81	6788.23	3037.73	5804.16	4053.35	4817.95	4759.28	3845.99	2467.64	3955.09	3472.77	3892.39	4440	5295.46	3121.33	4606.35	4475.31	5415.7	4457.29	4818.12	3920.65	4682.86	4997.19	4910.8	5600.29	4351.08	5422.48	3060.68	4707.43	5027.57	6349.22	4217.71	3605.99	3149.69	3781.62	4746.17	3358.76	4440.85	6482.34	5776.13	4645.52	4256.57	3116.5	6123.99	4684.33	4147.7	2664.52	4534.36	2435.69	5751.6	5072.92	4442.28
527.148	3283.47	6078.12	4859.57	3466.62	5418.61	5385.6	6908.5	3038.43	5870.47	4091.45	4854.33	4763.3	3911.71	2494.55	4020.05	3510.2	3946.93	4477.73	5325.97	3149.54	4623.84	4563.58	5492.2	4530.43	4861.1	3957.37	4744.76	5059.54	4934.34	5741.59	4413.38	5497.98	3105.8	4796.44	5119.6	6461.32	4244.8	3650.66	3187.99	3795.63	4831.54	3406.43	4497.22	6590.56	5885.21	4726.21	4310.75	3120.23	6088.07	4750.44	4204.64	2685.45	4530.29	2428.55	5842.9	5192.42	4452.92
557.490	3500.64	6598.04	5220.13	3726.67	5837.08	5848.66	7535.03	3227.16	6405.47	4406.16	5248.45	5116.54	4253.65	2653.89	4327.09	3782.7	4258.91	4838.49	5736.42	3399.22	4977.07	4984.69	5928.16	4905.62	5238.42	4279.18	5123.42	5473.56	5324.95	6262.5	4809.79	5934.83	3364.25	5204.09	5541.15	7022.18	4575.13	3960.98	3454.82	4088.33	5243.08	3664.98	4869.37	7153.38	6413.38	5087.86	4630.57	3331.82	6487.99	5127.78	4518.37	2869.18	4830.18	2574.7	6347.18	5643.5	4790.77
587.473	3689.84	7063.86	5593.08	3955.97	6275.35	6320.71	8120.5	3447.98	6900.53	4700.36	5623.58	5460.09	4585.48	2823.46	4654.29	4069.11	4573.53	5174.11	6134.79	3631.8	5315.98	5371.46	6373.26	5267.29	5596.45	4592.11	5492.38	5851.22	5702.38	6777.45	5178.05	6365.89	3611.33	5609.73	5969.04	7594.53	4918.46	4264.24	3699.26	4378.91	5650.55	3915.44	5213.77	7732.12	6922.38	5459.57	4965.99	3531.24	6866.61	5490.09	4838.28	3047	5126.89	2703.1	6812.39	6115.02	5096.47
617.660	3923.62	7625.35	5962.66	4246.55	6720.86	6790.02	8750.94	3645.33	7460.61	5025.48	6028.02	5822.24	4957.01	3007.23	4983.97	4354.78	4909.58	5555.48	6561.88	3891.08	5681.05	5793.48	6845.87	5661.18	5988.83	4914.71	5895.07	6253.3	6113.9	7314.94	5589.23	6826.87	3910.72	6038.32	6412.99	8177.34	5235.83	4587.71	3983.15	4675.8	6087.19	4209.1	5592.29	8310.14	7470.18	5867.2	5331.25	3744.69	7266.09	5888.14	5175.08	3257.69	5424.29	2872.86	7337.23	6586.65	5449.83
647.596	4129.31	8103.03	6321.63	4479.86	7182.41	7269.17	9371.4	3833.09	7971.47	5331.74	6417.74	6147.37	5311.82	3185.68	5329.62	4647.51	5215.8	5886.69	6940.38	4144.13	6006.44	6201.16	7250.52	6022.78	6385.17	5217.17	6273.03	6642.01	6479.83	7820.04	5972.19	7227.56	4184.54	6433.48	6829.46	8729.56	5584.03	4898.87	4247.76	4947.16	6485.03	4437.35	5945.75	8867.55	7975.49	6238.55	5673.52	3942.28	7621.69	6270.56	5511.64	3425.72	5736.99	3007.97	7812.06	7052.1	5760.2
677.798	4150	8224.35	6378.99	4555.94	7280.78	7402.85	9542.36	3863.74	8123.21	5385.97	6516.02	6199.19	5414.19	3230.03	5414.65	4726.36	5285.92	5956.91	7026.16	4212.9	6083.96	6323.16	7361.36	6124.19	6465.67	5279	6353.63	6729.68	6553.12	7941.27	6072.73	7314.74	4259.29	6542.21	6913.2	8872.94	5644.22	4982.62	4323.5	5003.06	6603.65	4506.36	6028.35	8985.53	8099.67	6319.22	5733.93	3973.56	7625.72	6366.5	5583.75	3477.5	5750.71	3045.21	7945.1	7178.91	5806.24
707.750	4278.35	8546.56	6595.99	4727.3	7577.84	7720.37	9917.72	3977.53	8438.5	5582.15	6758.63	6436.91	5664.17	3345.66	5612.43	4909.35	5478.26	6158.64	7228.48	4363.43	6292.17	6604.84	7609.52	6331.34	6688.27	5500.11	6613.74	6945.93	6788.56	8248.93	6320.52	7523.18	4451.13	6794.24	7154.96	9239.07	5847.73	5185.89	4497.43	5198.74	6861.01	4648.69	6261.58	9333.45	8414.76	6524.68	5958.81	4097.15	7827.88	6588.72	5798.97	3602.31	5925.8	3135.45	8242.12	7462.04	6009.73
737.671	4258.84	8562.03	6604.65	4734.74	7606.87	7764.55	9976.32	3962.86	8479.23	5582.27	6804.31	6429.09	5734.65	3360.55	5654.54	4936.24	5512.46	6176.91	7242.15	4393.05	6301.96	6644.26	7628.83	6359.02	6718.18	5521.98	6618.07	6976.43	6788.19	8320.76	6358.57	7521.61	4504.42	6823.42	7188.98	9246.79	5867.18	5238.39	4540.36	5203.94	6896.88	4676.61	6281.37	9378.39	8458.68	6541.64	5960.73	4106.09	7796.17	6612.03	5822.8	3633.11	5915.58	3143.73	8282.48	7517.46	5988.45
767.717	4553.83	9178.27	7014.35	5086.97	8177.62	8334.43	10746.61	4239.69	9105.34	5945.66	7295.5	6868.81	6162.49	3579.53	6052.34	5293.81	5902.09	6569.83	7721.18	4706.11	6723.94	7133.05	8115.17	6796.75	7184.51	5922.63	7063.93	7451.16	7207.98	8884.33	6808.8	8041.56	4855.18	7304.12	7666.63	9912.2	6263.36	5611.36	4881.68	5572.7	7417.32	4996.06	6712.92	10039.22	9049.39	6989.26	6369.36	4367.1	8231.13	7065.34	6203.48	3891.21	6266.55	3342.01	8857.89	8078.26	6404.5
798.012	4594.58	9321.68	7112.44	5166.86	8284.85	8483.87	10880.89	4272.85	9242.62	6030.08	7423.18	6942.99	6290.28	3641.87	6166.45	5405.9	5966.2	6658.18	7810.69	4794.92	6831.05	7257.88	8221.56	6909.55	7264.55	6018.89	7164.34	7524.12	7331.68	9012.59	6929.69	8145.64	4965.68	7439.64	7757.73	10043.12	6365.24	5717.04	4965.28	5635.45	7540.43	5061.64	6817.88	10178.89	9171.62	7087.1	6454.86	4414.11	8262.51	7191.07	6284.52	3951.85	6352.39	3398.41	8966.68	8215.06	6472.3
828.308	4736.47	9599.07	7308.11	5365.21	8560.86	8772.32	11290.05	4399.16	9541.77	6210.14	7661.36	7168.96	6540.69	3777.9	6386.11	5588.41	6158.86	6841.45	8028.22	4962.26	7025.14	7506.47	8451.62	7125.61	7503.07	6230.01	7416.83	7747.84	7524.21	9291.14	7167.71	8363.84	5188.44	7671.89	7985.08	10375.96	6577.79	5928.65	5143.15	5816.6	7767.12	5209.1	7022.18	10478.99	9450.44	7302.01	6653.34	4548.73	8429.92	7414.24	6473.49	4093.52	6528.15	3524.13	9249.85	8477.53	6653.92
858.556	4904.26	9956.06	7556.55	5532.05	8872.89	9096.13	11689.67	4549.43	9914.57	6414.37	7948.44	7410.13	6814.85	3917.71	6623.35	5803.18	6396.46	7056.75	8270.87	5146.77	7257.29	7780.07	8737.18	7414.12	7760.44	6429.33	7672.26	8024.49	7754.06	9606.12	7428.6	8633.19	5402.62	7935.39	8239.67	10687.47	6798.73	6174	5350.04	6047.26	8045.31	5394.1	7282.52	10847.03	9794.52	7552.81	6875.22	4699.79	8668.45	7667.51	6675.41	4238.52	6725.34	3629.05	9590.82	8804.14	6831.91
888.649	5198.63	10558.56	7998.64	5933.52	9436.3	9699.54	12423.49	4827.53	10555.27	6806.49	8471.6	7885.24	7297.48	4185.55	7040.66	6179.99	6775.03	7471.43	8753.21	5497.21	7724.59	8287.89	9269.36	7871.84	8237.98	6840.75	8132.12	8485.92	8239.95	10172.69	7933	9112.72	5795.97	8450.47	8724.31	11222.08	7233.94	6545.82	5707.56	6430.74	8548.29	5704.91	7728.54	11431.7	10361.14	7993.63	7306.21	4986.39	9105.47	8151.07	7100.2	4505.72	7111.45	3829.92	10170.81	9357.53	7232.37
