Time [s]	#1 (DAPI)	#2 (DAPI)	#3 (DAPI)	#4 (DAPI)	#5 (DAPI)	#6 (DAPI)	#7 (DAPI)	#8 (DAPI)	#9 (DAPI)	#10 (DAPI)	#11 (DAPI)	#12 (DAPI)	#13 (DAPI)	#14 (DAPI)	#15 (DAPI)	#16 (DAPI)	#17 (DAPI)	#18 (DAPI)	#19 (DAPI)	#20 (DAPI)	#21 (DAPI)	#22 (DAPI)	#23 (DAPI)	#24 (DAPI)	#25 (DAPI)	#26 (DAPI)	#27 (DAPI)	#28 (DAPI)	#29 (DAPI)	#30 (DAPI)	#31 (DAPI)	#32 (DAPI)	#33 (DAPI)	#34 (DAPI)	#35 (DAPI)	#36 (DAPI)	#37 (DAPI)	#38 (DAPI)	#39 (DAPI)	#40 (DAPI)	#41 (DAPI)	#43 (DAPI)	#44 (DAPI)	#45 (DAPI)	#46 (DAPI)	#47 (DAPI)	#48 (DAPI)	#49 (DAPI)	#50 (DAPI)	#51 (DAPI)	#52 (DAPI)
6.931	1169.3	1155.83	1456.64	1460.15	1095.6	1258.95	1500.58	1087.24	1149.4	1140.09	1539.37	1264.34	1126.11	998.91	1104.72	1142.27	926.83	1127.7	1385.22	1150.83	1318.84	1429.01	1260.88	1119.06	1008.18	1326.76	1287.57	1230.89	1150.47	1053.79	999.23	1292.72	1584.08	1053.08	1194.94	1058.67	1223.84	1079.58	933.84	1223.73	1045.99	1061.77	1559.48	1079.45	1069.89	1009.69	1292.26	997.66	1071.91	1174.07	1237.72
36.837	1263.99	1310.95	1626.5	1641.85	1255.87	1383.66	1754.15	1224.14	1304.55	1293.02	1805.5	1476.05	1275.64	1101.15	1210.24	1285.26	979.99	1264.18	1638.73	1313.62	1488.94	1658.4	1461.25	1266.38	1084.78	1481.03	1451.19	1426.61	1273.26	1194.46	1132.36	1425.78	1870.66	1198.75	1403.27	1190.96	1424.27	1200.66	1004.12	1382.09	1193.2	1201.39	1777.56	1222.68	1165.13	1124.79	1399.43	1074.55	1175.91	1306.23	1370.83
66.867	1336.37	1434.13	1792.85	1784.8	1411.87	1480.05	1943.15	1332.98	1435.72	1420.79	2014.18	1680.87	1399.66	1176.87	1313.2	1414.3	1001.43	1379.7	1857.93	1449.39	1628.93	1832.36	1616.21	1384.14	1139.02	1609.27	1601.66	1600.72	1376.74	1313.26	1261.09	1548	2120.07	1337.51	1592.32	1313.17	1593.76	1298.97	1052.36	1509.51	1323.95	1330.9	1951.63	1362.18	1244.78	1230.87	1478.7	1129.3	1249.43	1415.86	1483.77
96.928	1458.57	1608.57	2056.46	1993.8	1665.57	1622.11	2200.25	1493.69	1628.98	1619.36	2296.57	1963.97	1585.44	1290.78	1473.41	1596.95	1050.61	1534.33	2176.53	1651.4	1816.83	2082.18	1841.75	1565.45	1228.55	1798.42	1814.21	1838.93	1519.4	1501.61	1463.07	1696.97	2448.76	1541.31	1870.57	1488.41	1834.78	1451.64	1153.88	1689.07	1527.92	1521.14	2180.33	1556.49	1362.52	1392.32	1631.38	1221.12	1381.47	1567.53	1648.86
127.426	1566.86	1776.95	2290.75	2188.01	1933.62	1751.12	2447.92	1651.22	1819.56	1788.02	2565.01	2259.75	1753.4	1403.41	1638.71	1787.51	1089.94	1683.18	2495.66	1846.15	1998.88	2310.37	2053.63	1735.7	1298.25	1981.06	2020.96	2068.23	1653.04	1694.04	1683.22	1829.75	2760.3	1784.26	2149.76	1689	2081.97	1593.13	1256.07	1871.55	1745.24	1717.71	2387.08	1771.65	1470.65	1567.29	1761.45	1316.29	1502.55	1723.1	1812.86
157.347	1724.11	1982.49	2597.79	2412.52	2285.96	1906.56	2727.19	1848.76	2050.7	2023.12	2860.72	2617.52	1962.73	1538.19	1847.75	2012.87	1142.26	1855.87	2857.77	2090.23	2210.08	2579.94	2298.32	1941.99	1398.88	2203.47	2284.64	2350.66	1819.95	1928.5	1942.61	1982.22	3120.9	2056.61	2485.16	1942.48	2361.81	1754.81	1396.17	2079.96	2007.94	1961.89	2606.36	2011.85	1611.2	1778.97	1924.8	1419.99	1647.34	1899.12	2012.42
187.346	1876.11	2178.48	2933.6	2628.24	2658.07	2065.82	2999.37	2044.07	2266.71	2250.65	3148	3002.65	2191.89	1673.26	2085.09	2263.24	1202.59	2042.57	3233.4	2335.48	2416.94	2850.42	2569.14	2154.64	1489.13	2410.44	2566.65	2644.99	1997.93	2178.4	2236.45	2146.34	3490.96	2366.65	2845.84	2201.73	2661.35	1915.37	1556.52	2296.7	2287.86	2216.46	2822.3	2284.24	1741.89	2015.15	2086.01	1538.54	1808.62	2092.19	2187.77
217.361	2006.97	2344.88	3240.96	2821.9	3017.95	2200.54	3212.35	2228.19	2470.49	2439.49	3392.21	3362.22	2382.58	1790.02	2313.15	2471.66	1236.49	2185.6	3591.54	2558.84	2581.7	3057.99	2788.43	2344.61	1553.6	2611.21	2795.47	2905.95	2132.91	2407.8	2526.48	2254.74	3812.37	2654.64	3186.45	2455.03	2925.51	2061.91	1708.69	2486.45	2567.32	2476.64	2999.7	2521.55	1861.61	2220.47	2253.03	1629.66	1944.49	2240.7	2346.41
247.266	2128.46	2512.41	3528.56	2986.72	3382.83	2309.03	3412.63	2400.81	2659.89	2632.81	3600.66	3712.37	2576.04	1889.01	2515.23	2674.49	1269.32	2318.66	3915.38	2738.81	2722.24	3242.06	2982.8	2517.18	1614	2784.17	3025.05	3157.22	2249.18	2645.14	2804.25	2332.39	4119.59	2956.95	3507.78	2697.08	3164.73	2199.38	1851.78	2656.66	2818.73	2706.47	3147.16	2762.12	1968.38	2432.17	2403.11	1716.54	2073.83	2402.04	2519.05
277.281	2300.27	2716.02	3903.67	3204.51	3817.81	2469.88	3665.85	2618.74	2914.88	2878.27	3874.74	4138.47	2819.02	2031.01	2795.86	2940.09	1323.42	2494.48	4326.65	2994.76	2944.99	3483.88	3250.76	2760.75	1701.49	3027.17	3317.96	3471.66	2435.44	2934.84	3155	2459.58	4463.91	3301.01	3896.7	3016.75	3485.57	2365.37	2040.27	2875.2	3147.95	2988.27	3323.56	3045.08	2112.91	2703.34	2578.01	1848.15	2253.42	2578.43	2704.09
307.202	2508.22	2983.36	4344.3	3481.79	4357.5	2672.11	3970.6	2885.06	3228.2	3189.92	4222.37	4667.76	3135.87	2214.38	3129.01	3275.93	1405.06	2731.08	4834.36	3322.21	3185.82	3795.78	3570.43	3043.95	1831.29	3296.57	3685.79	3852.79	2668.09	3295.32	3598.26	2611.81	4953.75	3739.08	4404.09	3395.92	3880.23	2582.28	2285.51	3156.41	3554.98	3354.82	3558.75	3416.84	2294.69	3024.56	2818.73	2006.71	2469.6	2833.25	2980.77
337.201	2760.46	3304.3	4882.21	3817.1	4988.78	2914.78	4360.37	3226.51	3605.75	3557.08	4652.88	5308.43	3512.32	2442.14	3550.61	3692.19	1506.43	3010.05	5451.43	3713.11	3490.63	4172.96	3977.86	3402.53	1991.61	3655.74	4118.78	4330.45	2923.02	3735.34	4114.3	2828.14	5485.67	4276.4	4975.31	3847.85	4356.63	2846.86	2572.62	3490.83	4050.88	3789.48	3859.94	3860.69	2522.89	3411.99	3096.3	2193.65	2735.28	3111.05	3275.72
367.278	2975.68	3576.47	5344.08	4112.9	5561.03	3134.52	4635.11	3519.83	3940.12	3865.12	4997.62	5872.31	3832.51	2627.96	3902.02	4056.43	1591.76	3250.2	5980.94	4061.88	3749.5	4466.45	4313.88	3696.59	2125.42	3945.22	4490.91	4745.29	3168.87	4124.63	4567.94	2988.04	5959.5	4740	5514.45	4269.59	4762.21	3073.89	2835.55	3772.84	4477.27	4181.41	4089.3	4246.92	2698.61	3775.99	3376.43	2367.36	2952.93	3377.93	3533.81
397.339	3053.72	3656.8	5542.76	4161.09	5812.03	3177.81	4686.88	3609.47	4018.28	3990.67	5044.29	6096.79	3953.89	2684.38	4064.72	4205.32	1583.03	3302.11	6168.69	4155.27	3798.35	4517.01	4419.24	3798.76	2152.33	4005.41	4618.61	4864.82	3221.66	4280.96	4770.54	2973.06	6066.61	4947.82	5715.1	4428.25	4877.53	3140.01	2956.89	3863.26	4645.54	4316.95	4075.34	4399.97	2762.52	3907.85	3410.04	2393.08	3027.75	3440.19	3601.55
427.260	3208.35	3818.08	5850.93	4318.23	6207.34	3323.97	4852.94	3810.67	4226.84	4197.18	5236.83	6429.12	4159.53	2793.68	4322.85	4435.15	1646.65	3434.84	6512.55	4363.13	3941.18	4673.41	4619.01	3988.73	2240.41	4195.12	4848.04	5116.16	3362.67	4557.2	5101.18	3048.82	6359.95	5274.98	6030.06	4726.49	5135.59	3275.66	3155.4	4044.69	4950.84	4587.62	4191.79	4643.66	2885.6	4150.03	3579.4	2500.66	3172.16	3602.76	3757.23
457.259	3386.63	4035.84	6225.99	4538.67	6639.08	3477.41	5050.63	4033.3	4486.88	4444.3	5482.17	6901.46	4446.21	2954.3	4642.47	4754.71	1697	3608.43	6912.21	4628.77	4094.88	4904.57	4881.85	4243.81	2338.34	4413.22	5131.07	5439.02	3556.65	4880.26	5485.58	3147.79	6701.81	5649.18	6469.18	5061.95	5459.68	3447.3	3376.45	4261.67	5292.22	4876.82	4320.44	4956.38	3031.89	4441.3	3782.44	2629.88	3365.58	3786.82	3961.45
487.196	3543.58	4226.56	6565.73	4729.8	7075.62	3627.44	5240.37	4264.39	4721	4674.78	5702.38	7300.54	4690.98	3095.51	4910.87	5025.22	1757.07	3779.36	7300.83	4860.47	4265.79	5069	5109.61	4460.64	2451.78	4610.7	5394.87	5745.09	3729.58	5182.13	5874.8	3223.57	7035.54	6001.08	6829.55	5391.5	5726.37	3617.33	3576.33	4470.58	5608.93	5163.99	4449.14	5227.53	3171.2	4700.33	3964.46	2745.04	3524.09	3985.77	4124.21
517.195	3701.1	4395.75	6846.58	4888.17	7442.29	3760.21	5375.09	4455.25	4914.65	4890.05	5875.05	7655.27	4907.93	3218.71	5167.67	5280.27	1810.05	3901.65	7613.75	5049.45	4396.27	5224.77	5325.51	4664.07	2537.67	4770.64	5605.9	5969.92	3859.45	5444.88	6153.64	3287.75	7298.75	6337.45	7147.76	5681.1	5974.61	3752.17	3763.67	4634.23	5891.55	5406.49	4543.82	5483.8	3288.55	4914.64	4089.71	2862.25	3671.18	4129.27	4262.47
547.568	3873.37	4636.77	7239.81	5106.72	7889.53	3938.39	5590.21	4697.15	5183.79	5139.69	6143.57	8084.95	5200.07	3389.17	5485.82	5594.91	1891.78	4093.24	8049.41	5330.55	4587.89	5448.64	5586.44	4913.85	2665.89	4998.1	5896.9	6288.01	4072.2	5765.55	6557.72	3393.01	7655.98	6740.97	7557.98	6035.13	6281.22	3950.52	4010.48	4885.24	6256.27	5710.07	4699.63	5778.96	3445.26	5195.54	4314.15	2991.15	3866.61	4348.65	4474.98
577.598	4178.88	4989.56	7810.99	5468.02	8521.07	4208.71	5936.07	5083.44	5609.33	5572.8	6549.8	8772.75	5636.4	3660.07	5955.08	6080.01	2011.47	4400.17	8705.42	5741.66	4897.9	5808.08	6015.73	5317.01	2875.64	5337.37	6351.2	6789.63	4366.11	6296.16	7124.22	3584.86	8226.41	7331.5	8180.53	6561.56	6785.44	4257.23	4355.94	5252.87	6768.88	6191.91	4964.8	6252.3	3704.89	5641.18	4599.39	3209.51	4148.12	4662.98	4788.89
607.831	4467.98	5323	8340.16	5809.51	9169.72	4487.95	6245.29	5443.11	5985.23	5962.51	6968.5	9414.1	6060.98	3907.66	6385.45	6528.54	2135.9	4663.1	9331.49	6143.67	5172.99	6147.63	6435.22	5672.09	3076.06	5663.87	6771.3	7253.44	4682.83	6743.82	7690.1	3732.95	8750.25	7889.31	8770.46	7044.01	7221.08	4546.78	4687.02	5611.65	7235.74	6648.6	5187.15	6692.12	3948.06	6057.57	4894.57	3412.11	4432.95	4970.52	5060.59
637.737	4662.14	5588.65	8712.36	6055.9	9607.37	4664.29	6468.97	5712.9	6281.72	6272.49	7256.65	9878.85	6407.79	4099.99	6745.82	6904.63	2240.99	4885.48	9780.51	6423.74	5370.04	6386.07	6733.65	5947.68	3230.41	5920.2	7039.16	7592.52	4884.6	7102.95	8130.93	3852.65	9155.93	8301.45	9201.65	7425.24	7573.34	4759.71	4959.32	5856.48	7631.56	6962.14	5343.05	7036.94	4151.5	6363.45	5102.49	3554.48	4635.98	5231.85	5287.32
667.829	4994.86	5997.34	9340.66	6436.28	10289.25	4991.65	6849.93	6147.14	6756.01	6729.27	7738.58	10595.06	6875.49	4403.54	7265.16	7460.14	2374.7	5201.03	10482.91	6872.36	5728.88	6784.4	7196.98	6401.23	3469.12	6307.27	7567.46	8132.57	5215.57	7661.43	8733.82	4061.91	9767.3	8923.25	9866.26	7978.79	8119.96	5098.75	5353.61	6281.8	8173.27	7468.85	5635.91	7547.72	4413.69	6843.45	5433.86	3798.31	4962.74	5576.03	5631.14
697.906	5039.25	6050.73	9358.28	6452.97	10358.96	5030.73	6819.88	6196.41	6784.66	6787.29	7735.05	10689.34	6950.63	4431.22	7340.57	7532.03	2403.63	5217.1	10538.58	6900.15	5749.86	6754.97	7231.03	6442.34	3511.82	6289.27	7567.57	8203.73	5262.45	7753.04	8819.53	4026.36	9815.47	9004.69	9913.53	8077.91	8137.84	5148.16	5406.1	6317.85	8228.21	7518.26	5585.43	7589.69	4440.43	6912.94	5430.68	3809.46	4979.65	5601.74	5650.62
727.812	5163.2	6214.66	9581.78	6613.33	10624.49	5175.9	6924.78	6374.61	6980.55	6990.93	7908.39	10973.78	7188.86	4574.69	7548.6	7794.73	2462.7	5352.25	10793.61	7090.56	5865.46	6905.78	7442.26	6641.1	3631.89	6422.99	7714.62	8409.77	5418.67	7982.09	9094.3	4076.13	10032.23	9262.05	10186.43	8301.17	8313.03	5285.75	5587.95	6484.82	8426.2	7717.86	5661.48	7783.88	4573.76	7095.01	5584.57	3900.58	5106.74	5750.69	5755.71
757.764	5404.57	6473.93	9971.55	6850.82	11028.66	5391.95	7124.3	6673.05	7284.72	7298.81	8216.11	11423.88	7498.47	4801.13	7912.83	8193.74	2595.19	5566.74	11238.75	7400.87	6079.84	7133.76	7767.54	6947.6	3820.02	6677.62	8023.7	8759.46	5624.66	8340.35	9508.33	4207.71	10474.56	9695.66	10576.4	8681.61	8671.91	5540.49	5867	6783.9	8791.35	8040.53	5829.98	8137.56	4764.57	7406.76	5786.48	4078.82	5342.47	6028.65	5994.62
787.841	5430.55	6538.87	9943.82	6892.11	11063.62	5430.03	7139.49	6721.86	7314.96	7365.58	8247.72	11476.88	7583.93	4858.91	7965.96	8267.07	2627.25	5599.74	11277.37	7410.79	6088.9	7144.04	7798.55	7005.24	3877.77	6672.89	8033.68	8781.53	5684.72	8413.64	9565.72	4193.59	10486.13	9745.97	10610.87	8772.66	8698.28	5591.59	5940.02	6817.82	8847.19	8061.29	5840.35	8160.05	4798.91	7466.57	5821.8	4130.25	5373.59	6079.33	5990.36
818.074	5594.24	6717.87	10209.48	7085.41	11302.03	5590.8	7240.74	6936.47	7533.45	7576.37	8452.83	11791	7851.58	5031.57	8209.03	8576.95	2723.22	5743.79	11538.65	7620.88	6220.61	7292.5	8001.26	7234.7	4035.24	6825.82	8222.37	8996.96	5856.24	8696.01	9851.36	4298.5	10743.02	10011.88	10896.69	9030.22	8911.78	5770.02	6125.22	7017.56	9079.16	8278.8	5934.1	8359.78	4944.21	7668.11	5973.9	4240.71	5519.85	6252.76	6132.23
848.666	5967.18	7220.78	10860.95	7532.96	12021.91	5956.6	7676.54	7407.92	8047.78	8120.91	8987.17	12432.07	8428.34	5389.26	8798.32	9223.24	2925.35	6133.95	12095.32	8141.48	6625.53	7752.36	8575.28	7732.77	4338.58	7259.91	8768.57	9608.15	6244.54	9310.21	10561.44	4541.16	11452.94	10679.35	11585.06	9652.82	9491.99	6172.97	6578.24	7531.62	9687.98	8825.64	6276.57	8959.6	5296.02	8210.13	6338.21	4504.57	5892.56	6668.35	6509.96
878.665	6262	7612.89	11352.85	7895.97	12600.23	6307.67	7990.09	7817.97	8484	8569.32	9420.79	12858.5	8895.4	5682.97	9220.71	9719.11	3085.46	6438.83	12466.35	8544.48	6931.85	8116.82	8995.45	8132.26	4613.47	7573.51	9148.69	10083.66	6590.43	9818.91	11080.94	4725.51	12012.56	11147	12058.9	10167.84	9970.91	6507.1	6933.99	7909.42	10141.77	9244.27	6528.93	9375.59	5546.94	8614.87	6620.62	4720.39	6179	7027.77	6834.6
