Time [s]	#1 (DAPI)	#2 (DAPI)	#3 (DAPI)	#4 (DAPI)	#5 (DAPI)	#6 (DAPI)	#7 (DAPI)	#8 (DAPI)	#9 (DAPI)	#10 (DAPI)	#11 (DAPI)	#12 (DAPI)	#13 (DAPI)	#14 (DAPI)	#15 (DAPI)	#16 (DAPI)	#17 (DAPI)	#18 (DAPI)	#19 (DAPI)	#20 (DAPI)	#22 (DAPI)	#23 (DAPI)	#24 (DAPI)	#25 (DAPI)	#26 (DAPI)	#27 (DAPI)	#28 (DAPI)	#29 (DAPI)	#30 (DAPI)	#31 (DAPI)	#32 (DAPI)	#33 (DAPI)	#34 (DAPI)	#35 (DAPI)	#36 (DAPI)	#37 (DAPI)	#38 (DAPI)	#39 (DAPI)	#40 (DAPI)	#41 (DAPI)	#42 (DAPI)	#43 (DAPI)	#44 (DAPI)	#45 (DAPI)	#46 (DAPI)	#47 (DAPI)	#48 (DAPI)	#50 (DAPI)	#51 (DAPI)	#52 (DAPI)	#53 (DAPI)	#54 (DAPI)	#55 (DAPI)	#56 (DAPI)	#57 (DAPI)
20.160	1174.6	1319.3	1358.21	1336.09	1479.14	963.76	1233.65	1367.48	1207.24	1379.18	1044.17	1204.67	1208.81	1384.18	1187.42	1169.01	1444.49	1101.91	1286.13	1267.41	1250.05	1174.72	1521.51	1256.53	1067.83	1194.06	1138.39	1084.84	1409.64	1243.6	1253.88	1253.41	1157.92	1133.01	1359.74	1247.26	1169.71	1351.76	2051.24	1173.79	1279.79	1262.61	1385.24	1324.64	1366.77	1154.72	1055.01	1282.13	977.23	1268.47	1608.24	1502.17	1112.25	1272.58	1837.86
50.081	1251.64	1482.04	1434.9	1474.19	1701.46	1015.03	1298.52	1513.31	1347.44	1524.13	1108.61	1322.6	1353.49	1532.26	1284.15	1288.75	1616.18	1167.27	1477.07	1394.36	1380.17	1272.7	1712.09	1404.63	1145.55	1288.84	1244.98	1181.85	1601.2	1387.03	1343.72	1411.03	1276.97	1230.4	1465.36	1342.75	1274	1537.84	2449.34	1295.7	1426.85	1428.85	1532.79	1465.19	1514.75	1256.97	1131.44	1438.31	1037.75	1346.24	1714.01	1631.2	1183.35	1389.68	2049.58
80.080	1361.71	1702.74	1541.25	1646.86	1973.96	1088.04	1387.3	1723.26	1519.67	1723.25	1199.68	1485.28	1543.26	1716.51	1420.75	1444.8	1841.98	1264.82	1750.76	1571.28	1571.76	1426.85	1948.66	1592.56	1257.5	1411.41	1394.31	1316.02	1889.47	1580.94	1472.57	1622.01	1426.06	1374.98	1587.62	1487.58	1423.84	1792.27	2936.67	1454.13	1632.89	1643.11	1746.74	1624.78	1718.7	1380	1239.31	1654.38	1140.19	1458.35	1892.67	1815.6	1280.53	1531.8	2322.19
110.235	1479.45	1921.62	1642.11	1810.33	2241.94	1130.94	1483.3	1904.66	1688	1898.61	1288.69	1632.63	1734.36	1896.17	1554.54	1590.32	2034.71	1354.16	2019.26	1747.63	1739.31	1563.13	2185.71	1777.62	1380.94	1521.85	1543.02	1428.04	2131.83	1752.13	1573.24	1806.45	1572.89	1512.84	1684.57	1600.21	1555.52	2043.34	3392.4	1623.09	1826.28	1840.01	1931.11	1801.21	1896.86	1485.62	1332.63	1853.67	1246.1	1552.75	2043.6	2001.46	1355.39	1662.86	2548.42
140.608	1627.29	2226.52	1747.81	2036.26	2602.14	1205.48	1604.98	2157.05	1898.7	2156.33	1414.67	1815.43	1990.79	2129.32	1717.36	1797.13	2300.43	1472.18	2410.21	1974.87	1977.8	1758.67	2462.29	2020.9	1545.61	1670.35	1753.1	1594.88	2480.4	2011.52	1719.67	2072.91	1774.92	1702.21	1827.44	1766.96	1733.3	2391.15	4003.72	1866.51	2103.43	2120.75	2203.85	2027.53	2120.23	1652.32	1473.99	2144.9	1406.09	1694.55	2275.01	2236.48	1480.09	1827.03	2864.88
170.561	1754.18	2507.18	1858.61	2235.41	2945.82	1272.1	1716	2388.31	2108.04	2401.3	1532.86	1998.19	2237.28	2347.08	1885.87	1984.93	2535.53	1566.51	2804.79	2213.69	2194.62	1956.42	2714.76	2276.45	1716.85	1812.98	1949.41	1743.93	2815.76	2225.39	1830.39	2326.98	1962.61	1878.37	1956.96	1903.06	1904.04	2723.82	4566.66	2082.92	2348.93	2384.42	2468.26	2243.87	2320.95	1790.96	1602.1	2409.89	1558.74	1832.81	2497.3	2476	1586.87	1990.2	3130.24
200.544	1887.29	2802.28	1953.31	2437.34	3284.05	1329.12	1829.67	2613.83	2294.16	2619.68	1652.61	2163.12	2495.35	2563.07	2052.35	2175.57	2733.81	1658.92	3196.4	2450.4	2433.03	2147.61	2951.75	2514.69	1907.83	1947.24	2160.45	1896.94	3157.21	2439.53	1929.63	2581.46	2152.3	2051.87	2059.2	2035.08	2061.07	3066.82	5120.62	2322.46	2636.93	2650.52	2707.96	2446.59	2510.64	1928.48	1738.58	2668.09	1733.23	1961.55	2707.14	2700.51	1684.44	2131.43	3370.58
230.543	2036.99	3107.9	2074.12	2687.81	3669.66	1382.22	1956.17	2892.74	2507.09	2877.09	1791.49	2358.55	2774.93	2810.17	2234.16	2387.26	2960.06	1780.39	3650.66	2704.87	2685.7	2370.31	3208.29	2794.06	2119.81	2102.32	2397.2	2059.98	3505.15	2698.88	2055.76	2875.88	2345.29	2268.88	2195.55	2173.4	2243.66	3437.2	5741.81	2590.94	2924.67	2949.25	2986.9	2681.97	2720.53	2077.1	1882.96	2967.53	1938.22	2111.68	2956.53	2977.99	1794.16	2295.71	3654.91
260.480	2199.22	3458.04	2201.07	2910.84	4049.82	1447.49	2100.1	3156.75	2738.51	3144.33	1949.45	2544.33	3070.33	3062.87	2425.12	2610.53	3195.45	1906.28	4142.57	2994.68	2963.35	2602.18	3484.18	3095.89	2351.44	2248.74	2639.38	2235.51	3909.21	2969.72	2158.27	3176.55	2565.84	2504.31	2309.4	2312.69	2425.9	3835.75	6363.62	2885.52	3241.07	3271.54	3278.85	2942.03	2932.8	2242.64	2024.66	3276.75	2149.15	2266.14	3232.93	3244.72	1912.08	2462.88	3941.78
290.479	2387.57	3853.12	2336.47	3198.41	4503.07	1518.2	2274.86	3466.59	3010.71	3455.83	2121.37	2762.81	3422.35	3348.8	2650.58	2871.69	3473.04	2051.61	4695.72	3307.32	3278.17	2894.12	3791.61	3427.57	2619.21	2439.96	2945.88	2456.97	4339.22	3270.92	2289.4	3530.38	2828.92	2747.61	2435.31	2494.33	2653.14	4273.98	7077	3226.85	3592	3630.45	3631.16	3234.25	3178.67	2434.46	2200.04	3639.7	2404.21	2460.61	3546.32	3581.33	2050.02	2659.56	4237.62
320.462	2611.22	4309.8	2509.77	3533.1	5017.62	1622.45	2460.29	3827.53	3313.1	3820.21	2345.59	3032.97	3823.97	3689.1	2931.42	3181.65	3779.6	2234.32	5322.96	3683.71	3655.89	3226.13	4160.26	3825.86	2916.52	2651.65	3291.18	2702.14	4873.93	3625.97	2444.29	3924.12	3127.67	3068.06	2600.21	2690.78	2919	4811.2	7900.83	3612.52	4011.54	4034.21	3990.8	3540.72	3474.56	2667.39	2414.1	4047.75	2686.71	2679.41	3882.64	3964.87	2210.49	2888.34	4619.03
350.461	2803.86	4719.8	2648.34	3806.85	5437.4	1683.32	2616.45	4142.78	3559.5	4113.75	2524.13	3264.55	4172.39	3973.6	3142.62	3437.35	4028.65	2381.51	5868.3	4008.38	3967.44	3519.64	4455.86	4165.87	3211.17	2827.06	3597.44	2904.87	5308.39	3922.04	2569.07	4282.71	3379.52	3326.06	2718.42	2863.76	3137.43	5267.48	8582.24	3949.21	4358.56	4398.49	4316.29	3827.93	3697.18	2835.34	2596.3	4380.17	2959.73	2883.87	4195.96	4302.26	2345.36	3086.73	4909.83
380.554	3054.85	5221.53	2839.19	4167.53	6005.23	1788.62	2839.18	4575.51	3890.22	4527.57	2766.4	3551.74	4634.16	4369.35	3432.77	3775.49	4373.93	2577.23	6550.77	4423.91	4385.38	3904.41	4836.6	4626.77	3542.22	3086.78	3988.92	3171.84	5885.48	4298.76	2737.49	4732.49	3705.35	3674.59	2896.8	3077.28	3424.83	5843.55	9495.77	4398.93	4828.48	4850.73	4715.29	4210.99	4020.95	3086.07	2822.67	4814.02	3296.8	3137.4	4567.74	4706.93	2518.85	3311.49	5268.04
410.490	2973.48	5099.78	2745.12	4048.52	5807.67	1714.31	2771.36	4448.99	3770.14	4402.11	2722.62	3427.74	4532.96	4227.25	3350.84	3700.09	4197.85	2492.9	6438.88	4322.88	4287.6	3827.99	4662.93	4520.81	3498.07	2982.16	3910.01	3085.32	5731.17	4152.82	2610.48	4618.85	3611.81	3609.09	2771.49	2956.12	3331.19	5726.53	9208.22	4329.1	4742.78	4733.56	4592.79	4092.24	3847.21	3002.65	2744.17	4678.33	3259.23	3058.53	4469	4608.78	2435.36	3212.95	5102.11
440.489	3305.73	5749.23	3003.81	4515.04	6555.39	1854.89	3057.59	4989.39	4208.34	4927.01	3057.77	3824.89	5116.67	4733.98	3740.24	4132.2	4652.64	2766.84	7298.51	4868.47	4841.27	4331.01	5199.37	5099.37	3977.85	3315.3	4445.15	3455.11	6454.4	4658.91	2833.45	5207.51	4040.91	4065.72	3015.75	3269.65	3723.29	6489.96	10363.35	4892.71	5325.87	5328.73	5097.54	4577.76	4261.61	3325.75	3048	5239.76	3675.29	3415.58	4998.33	5155.43	2677.99	3547.01	5583.65
470.457	3486.87	6061.73	3100.13	4730.64	6858.76	1912.4	3200.73	5244.63	4383.59	5155.93	3217.88	3991.33	5379.78	4956.92	3929.26	4355.69	4824.58	2878.01	7724.8	5124.63	5123.75	4592.84	5401.83	5393.56	4212.08	3450.99	4721.73	3620.47	6791.27	4890.87	2915.18	5501.83	4241.04	4303.5	3088.94	3391.71	3920.85	6824.42	10902.32	5193.66	5626.63	5640.24	5320.78	4798.88	4435.15	3494.43	3186.82	5509.86	3908.55	3578.53	5238.37	5409.13	2779.4	3690.56	5795.47
500.300	3677.06	6456.84	3268.33	5015.57	7230.78	1983.83	3369.11	5546.18	4607.02	5457.49	3427.91	4207.88	5722.86	5228.8	4146.41	4595.78	5055.87	3037.74	8185.99	5439.76	5426.93	4895.33	5686.06	5725.52	4490.65	3634.72	5030.85	3809.91	7188.52	5149.79	3017.22	5823.42	4464.43	4581.84	3198.45	3544.24	4127.1	7239.06	11464.84	5507.73	5955.85	5983.75	5600.88	5062.1	4631.73	3671.64	3360.37	5787.07	4166.09	3768.54	5531.56	5703.17	2903.43	3849.84	6032.91
530.408	3745.53	6568.9	3296.92	5105.85	7350.82	1987.29	3423.6	5656.81	4678.87	5536.7	3502	4267.9	5827.66	5335.64	4219.07	4709.61	5089.12	3088.1	8367.09	5564.43	5562.47	5031.7	5733.5	5852.81	4595.24	3695.7	5160.41	3901.21	7330.52	5237.46	3020.94	5949.78	4546.3	4713.95	3211.05	3583.44	4203.92	7410.08	11587.73	5658.34	6076.23	6103.43	5646.62	5149.17	4684.26	3741.27	3396.61	5878.57	4270.85	3837.38	5599.54	5809.95	2927.6	3909.09	6057.09
560.797	4037.75	7112.74	3523.96	5507.5	7918.82	2111.37	3667.9	6113.06	5006.3	5975.67	3803.63	4592.81	6316.03	5758.14	4560.2	5090.96	5459.38	3330.36	9052.1	6004.93	6011.18	5468.48	6171.18	6348.9	4985.3	3994.05	5619.82	4204.47	7931.41	5633.74	3191.03	6456.11	4892.56	5110.64	3404.88	3834.89	4544.14	8019.16	12198.47	6137.62	6554.5	6585.95	6045.96	5547.37	5009.71	4030.12	3654.11	6309.51	4628.11	4129.87	6031.21	6218.33	3124.15	4161.74	6451.24
590.781	4341.18	7642.53	3737.08	5908.04	8458.57	2239.37	3922.88	6580.29	5364.36	6429.47	4108.22	4919.12	6782.41	6154.73	4888.29	5458.16	5817	3573.17	9737.06	6490.95	6489.52	5927.01	6593.36	6856.95	5394.04	4292	6091.36	4523.21	8532.84	6043.26	3374.24	6958.4	5252.7	5544.85	3595.45	4089.09	4897.71	8641.49	12625.53	6643.05	7062.91	7096.28	6450.02	5935.72	5339.66	4330.59	3893.25	6738.14	5016.31	4465.27	6450.56	6643.21	3333.47	4444.66	6835.16
620.967	4679.65	8258.02	4012.85	6339.1	9071.92	2370.56	4195.94	7110.88	5759.52	6904.45	4448.83	5287.04	7335.8	6631.02	5268.74	5902.03	6210.25	3854.45	10502.91	6995.04	7024.48	6451.49	7060.35	7416.46	5821.02	4605.39	6595.21	4891.65	9188.57	6508.82	3593.3	7519.16	5644.79	5991.55	3817.18	4376.91	5298.62	9328.79	12911.19	7177.55	7634.71	7674.71	6874.15	6384.69	5703.34	4668.98	4182.42	7241.92	5426.47	4795.34	6889.82	7145.28	3545.19	4752.41	7261.08
650.919	4851.08	8548.46	4162.08	6605.06	9369.7	2456.79	4331.8	7399.41	5939.67	7145.12	4659.07	5476.85	7596.51	6862.2	5490.93	6149.34	6397.17	4004.92	10844.18	7229.04	7302.05	6718.7	7313.79	7727.49	6067.59	4782.98	6894.23	5053.47	9526.53	6733.77	3685.54	7810.89	5820.92	6268.29	3924.86	4523.74	5504.92	9655.66	13003.11	7484.14	7911.81	7954.86	7085.78	6622.22	5874.42	4856.44	4321.93	7457.84	5638.91	4979.28	7145.09	7385.6	3652.13	4882.7	7472.49
681.105	4967.5	8724.31	4222.25	6696.84	9487.13	2490.97	4412.02	7549.94	6029.58	7259.61	4785.58	5562.02	7715.47	6984.96	5582.26	6257.67	6474.58	4114.2	10982.26	7397.78	7459.13	6908.56	7402.49	7871.07	6172.97	4904.3	7034.53	5155.88	9672.23	6830.32	3709.18	7942.21	5937.27	6413.43	3954.45	4613.28	5615.13	9851.43	13029.15	7621.17	8044.37	8110.01	7154.97	6703.05	5938.77	4933.13	4387.99	7550.31	5762.03	5079.81	7237.12	7484.39	3698.99	4963.38	7509.77
711.042	5223.71	9152.26	4437.3	7016.37	9923.96	2598.33	4623.33	7995.2	6314.24	7662.06	5060.67	5856.08	8141.01	7322.78	5876.98	6617.46	6776.71	4331.55	11446.61	7778.84	7894.84	7316.51	7749.07	8292.23	6489.1	5167.18	7477.24	5430.6	10182.29	7201.79	3874.86	8372.73	6241.48	6825.31	4133.31	4849.96	5943.73	10370.01	13136.96	8060.75	8464.89	8533.39	7451.74	7034.63	6230.67	5206.18	4598.26	7878	6085.39	5349.55	7571.09	7883.86	3863.12	5191.52	7825.26
740.994	5266.9	9164.38	4455.38	7033.26	9879.69	2606.23	4628.64	8020.44	6306.03	7662.9	5112.13	5859.05	8137.75	7366.96	5895.78	6623.4	6782.74	4378.99	11419.18	7803.32	7885.83	7397.98	7763.4	8342.06	6524.26	5202.55	7529.98	5480.34	10168.8	7182.28	3881.91	8389.98	6222.08	6882.95	4129.73	4863.23	5965.93	10380.1	13128.87	8081.93	8482.48	8525.71	7384.95	7042.61	6223.43	5218.35	4590.69	7838.76	6123.17	5396.14	7583.36	7839.82	3888.4	5194.94	7796.13
771.024	5544.61	9621.72	4694.34	7397.91	10352.16	2736.35	4859.51	8465.92	6621.82	8050.8	5412.28	6167.74	8581.96	7736.71	6205.3	6992.74	7114.24	4621.35	11793.29	8209.36	8344.98	7822.2	8155.69	8817.83	6847.41	5516.38	7968.11	5762.67	10668.46	7561.46	4063.26	8847.48	6525.52	7272.94	4331.71	5115.98	6317.7	10908.85	13213.02	8527.2	8911.75	9010.43	7740.63	7403.38	6524.92	5520.9	4805.63	8198.1	6453.25	5674.7	7916.76	8201.02	4046.11	5453.7	8040.31
801.320	5631.17	9718.61	4776.44	7477.15	10408.03	2773.42	4912.41	8614.71	6662.12	8136.99	5520.36	6271.15	8670.32	7838.9	6301.97	7094.52	7179.73	4745.14	11863.33	8339.89	8468.46	7982.76	8240.99	8958.06	6963.96	5617.82	8140.81	5849.83	10797.24	7630.1	4105.07	8941.29	6612.81	7421.86	4381.62	5192.31	6427.15	11084.58	13221.21	8645.68	8994.39	9115.71	7780.83	7517.8	6602.75	5603.78	4876.99	8245.13	6544.73	5793.55	8026.58	8273.8	4111.05	5518.77	8147.54
831.615	5875.76	10059.53	4960.33	7789.46	10727.94	2889.76	5114.75	8964.15	6905.84	8428.4	5769.97	6513.03	8991.06	8124.79	6565.87	7396.24	7446.75	4951.19	12107.35	8656.39	8823.08	8378.11	8535.44	9348.66	7221.27	5855.71	8492.42	6093.52	11115.28	7889.92	4246.88	9312.73	6845.22	7742.59	4526.76	5412.99	6703.26	11436.33	13258.86	8975.21	9376.97	9459.41	7995.49	7796.14	6813.93	5830.39	5045.7	8491.11	6779.47	6039.29	8265.88	8508.31	4262.03	5726.59	8405.02
861.848	6144.66	10501.5	5180.4	8125.27	11136.99	3027.33	5318.41	9404.86	7200.39	8785.98	6070.17	6796.8	9367.53	8485.06	6859.9	7736.72	7761.51	5189.99	12329.75	9026.29	9228.68	8793.03	8896.37	9777.18	7538.33	6154.39	8901.55	6395.16	11486.88	8235.18	4405.96	9751.31	7123.55	8109.11	4739.82	5648.49	7034.73	11796.64	13282.87	9402.15	9765.9	9853.13	8288.84	8089.63	7078.04	6115.93	5247.13	8806.24	7089.87	6301.51	8608.05	8837.53	4436.27	5938.09	8698.86
891.956	6560.26	11113.59	5527	8618.19	11721.76	3213.84	5653.52	10013.12	7639.35	9323.52	6487.59	7215.84	9947.52	9016.12	7308.73	8257.04	8232.8	5578.71	12607.6	9575.52	9845.92	9368.52	9452.71	10401.52	8001.4	6559.34	9523.81	6815.63	11939.41	8740.47	4670.62	10310.39	7538.69	8675.71	5003.93	6013.7	7518.42	12279.97	13307.81	10026.92	10380.12	10482.64	8741.56	8556.17	7518.88	6502.44	5547.12	9336.93	7512.64	6717.29	9074.31	9343.07	4687.5	6293.84	9164.52
