?Time [s]	#1 (DAPI)	#2 (DAPI)	#3 (DAPI)	#4 (DAPI)	#5 (DAPI)	#6 (DAPI)	#7 (DAPI)	#8 (DAPI)	#9 (DAPI)	#10 (DAPI)	#11 (DAPI)	#12 (DAPI)	#13 (DAPI)	#14 (DAPI)	#15 (DAPI)	#17 (DAPI)	#18 (DAPI)	#19 (DAPI)	#20 (DAPI)	#21 (DAPI)	#22 (DAPI)	#23 (DAPI)	#24 (DAPI)	#25 (DAPI)	#26 (DAPI)	#27 (DAPI)	#28 (DAPI)	#29 (DAPI)	#30 (DAPI)	#31 (DAPI)	#32 (DAPI)	#33 (DAPI)	#34 (DAPI)	#35 (DAPI)	#36 (DAPI)	#37 (DAPI)	#38 (DAPI)	#39 (DAPI)	#40 (DAPI)	#41 (DAPI)	#42 (DAPI)	#43 (DAPI)	#44 (DAPI)	#45 (DAPI)	#46 (DAPI)	#47 (DAPI)	#48 (DAPI)	#49 (DAPI)	#50 (DAPI)	#51 (DAPI)	#52 (DAPI)	#53 (DAPI)	#54 (DAPI)	#55 (DAPI)	#56 (DAPI)	#57 (DAPI)	#58 (DAPI)	#59 (DAPI)	#60 (DAPI)	#61 (DAPI)	#62 (DAPI)	#63 (DAPI)	#64 (DAPI)	#65 (DAPI)	#66 (DAPI)	#67 (DAPI)	#68 (DAPI)	#69 (DAPI)	#70 (DAPI)	#71 (DAPI)
29.973	2810.79	2377.15	1998.86	3525.26	2867.86	3064.42	2851.62	2363.47	2078.15	1886.41	3451.85	2978.82	1410.19	3051.47	2741.62	3109.84	3313.07	2535.69	2494.38	3514.27	2980.47	3087.54	2605.07	2695.5	3110.32	2738.81	3916.63	3959.35	2121.92	3360.93	2883.98	3004.9	4880.03	3329.07	3347.85	4049.44	2325.13	3704.42	3698.25	2643.58	3812.72	2843.28	2195.98	2527.2	3546.06	2369.92	3529.87	2769.83	3135.71	6279.94	2933.38	2530.22	2060.74	1858.04	4110.74	2717.65	2728.55	3647.15	2566.39	3186.5	2695.78	3326.04	3231.07	1982.66	2667.12	2700.97	2906.4	3300.56	2613.18	2403.5
59.972	3319.8	2762.52	2283.25	4160.58	3350.86	3543.34	3352.65	2770.51	2395.58	2130.02	4085.25	3498.01	1575.16	3622.07	3202.87	3645.73	3921.66	2989.99	2916.53	4170.52	3509.62	3668.21	3029.33	3178	3675.85	3228.15	4651.55	4663.25	2466.11	3968.3	3377.92	3543.39	5848.98	3935.26	3978.28	4754	2726.6	4411.85	4385.72	3125.26	4504.95	3352.77	2559.04	2960.83	4180.04	2774.83	4182.25	3261.21	3645.88	7493.41	3448.1	2918.98	2367.15	2140.06	4857.52	3191.63	3243.81	4276.16	2930.93	3710.1	3123.91	3841.25	3774.1	2288.69	3046.4	3098.03	3387.11	3785.49	3046.25	2721.46
90.049	3973.74	3267.72	2672.76	4992.64	3975.39	4178.29	4005.04	3288.24	2819.79	2481.32	4891.38	4164.84	1808.26	4344.91	3806.34	4369.14	4724.26	3570.1	3469.31	5043.3	4203.39	4424.12	3569.81	3806.74	4400.52	3867.27	5616.47	5589.51	2913.66	4784.91	4028.63	4200.95	7056.95	4747.01	4788.24	5673.83	3251.64	5328.95	5271.67	3738.37	5377.56	3983.92	3043.45	3498.17	4974.81	3289.23	4998.4	3850.72	4317.91	8965.81	4100.69	3428.06	2756.1	2496.71	5815.78	3813.57	3909.59	5061.07	3401.26	4382.38	3694.1	4517.91	4453.67	2676.21	3555.66	3615.92	3995.51	4458.7	3595.08	3138.88
120.500	4581.29	3724.89	3016.39	5744.91	4534.36	4743.04	4596.32	3770.72	3209.67	2797.79	5608.96	4781.32	2032.34	5014.61	4365.6	5005.9	5467.1	4132.9	3983.07	5840.66	4854.16	5119	4063.99	4400.66	5066.79	4452.53	6479.56	6390.74	3337.2	5538.41	4631.03	4833.9	8173.33	5467.54	5523.63	6500.34	3759.95	6153.73	6109.07	4332.44	6179.93	4583.96	3498.91	4011.99	5704.81	3798.01	5738.6	4425.92	4892.53	10243.91	4705.16	3885.17	3109.8	2866.24	6667.63	4378.31	4527.07	5770.4	3841.52	5025.07	4212.12	5104.76	5099.15	3049.14	3994.75	4102.42	4565.31	5027.75	4068.97	3530.29
150.452	5215.76	4198.65	3371.34	6549.38	5122.71	5331.5	5205.41	4279.04	3609.44	3139.12	6365.66	5418.09	2297.6	5714.9	4942.71	5655.54	6227.56	4723.76	4488.08	6671.5	5517.06	5843.71	4575.72	5009.31	5744.2	5064.94	7357.47	7197.78	3792.48	6283.78	5259.13	5441.18	9271.68	6239.3	6289.27	7370.07	4303.07	6994.87	6931.06	4934.46	7035.6	5227.63	3970.12	4529.65	6441.67	4314.96	6499.34	5015.21	5496.01	11557.38	5291.98	4369.3	3460.18	3257.97	7535.28	4982.64	5163.33	6503.81	4295.96	5687.42	4745.25	5731.6	5761.44	3415.85	4468.02	4577.12	5197.71	5643.07	4563.92	3938.93
180.436	5792.63	4616.3	3692.46	7185.93	5643.34	5800.25	5745.85	4743.64	3961.35	3444.01	6986.93	5955.84	2545.2	6327.59	5426.48	6243.31	6892.48	5240.78	4953.81	7409.83	6123.84	6496.95	5031.89	5538.39	6349.61	5603.58	8127.96	7895.31	4198.62	6912.22	5803.28	6007.6	10214.3	6888.87	6933.02	8123.27	4788.33	7709.2	7648.08	5469.15	7750.03	5783.2	4418.15	4968.42	7060.59	4806.14	7156.15	5527.46	6017.71	12614.58	5825.97	4770.12	3799.36	3610.96	8258.09	5511.67	5755.28	7095.23	4687.72	6271.68	5212.89	6296.41	6385.45	3759.17	4877.63	5001.1	5732.2	6142.46	5016.82	4285.54
210.481	6342.88	5011.23	3989.99	7805.43	6121.24	6245.74	6273.33	5189.87	4316.55	3741.68	7593.2	6463.6	2788.38	6920.56	5902.81	6799.92	7522.26	5766.39	5398.36	8105.95	6693.11	7114.3	5441.04	6077.26	6878.65	6101.82	8823.29	8542.32	4592.91	7543.76	6320.37	6537.14	11073.3	7510.6	7591.37	8817.02	5269.89	8408.07	8322.26	5973.59	8438.78	6324.37	4831.63	5402.62	7618.35	5256.36	7745.65	6002.38	6500.51	13543.47	6325.36	5125.22	4078.95	3971.2	8932.36	6030.71	6333.33	7669.1	5042.46	6833.79	5665.98	6786.59	6927.44	4087.8	5251.35	5397.58	6269.64	6585.64	5438.29	4650.13
240.371	6859.01	5373.15	4261.09	8381.59	6534.41	6631.42	6753.67	5579.65	4625.14	4017.63	8095.74	6895.31	3026.47	7441.5	6297.53	7248.82	8083.93	6257.9	5791.89	8742.32	7215.32	7678.08	5822.86	6549.14	7384.07	6575.63	9476.63	9095.92	4936.78	8111.18	6771.44	7000.62	11809.26	8083.76	8136.2	9409.68	5697.7	9014.16	8907.79	6456.07	9066.57	6815.98	5217.53	5794.88	8118.59	5688.7	8259.23	6426.45	6895.41	14176.1	6714.88	5485.47	4367.93	4318.38	9535.54	6507.49	6851.15	8121.19	5359.49	7329.63	6069.54	7244.68	7464.97	4363.07	5565.88	5746.71	6731.36	7010.58	5789.69	4937.69
270.370	7451.9	5753.67	4555.13	8987.04	7007.76	7059.29	7267.02	6055.93	4999.38	4323.79	8695.27	7373.58	3311.62	8023.85	6762.64	7790.08	8726.94	6778.9	6214.82	9433.35	7780.3	8305.52	6242	7106.51	7916.34	7099.29	10147.19	9701.42	5359.32	8712.36	7300.64	7519.86	12588.59	8702.37	8720.57	10071.97	6200.78	9651.69	9571.94	6975.17	9739.23	7336.36	5647.48	6232.28	8638.03	6187.21	8811.31	6889.13	7348	14738.26	7198.21	5853.53	4653.4	4709.71	10145.13	6988.05	7418.47	8626.99	5701.37	7891.35	6499.11	7745.49	8013.33	4699.36	5920.3	6133.06	7242.61	7430.33	6179.8	5262.88
300.354	8121.81	6239.05	4903.45	9686.88	7534.84	7569.61	7868.86	6533.76	5373.9	4669.83	9368.58	7947.11	3627.47	8696.62	7290.21	8408.09	9453.01	7393.82	6735.67	10245.93	8463.22	9036.94	6735.87	7744.27	8556.52	7685.1	10766.44	10415.97	5847.33	9418	7903.74	8108.15	13273.66	9413.79	9456.55	10892.15	6770.32	10425.37	10328.33	7580.74	10532.61	7992.24	6149.23	6740.78	9280.34	6719.73	9430.23	7456.88	7874.16	15213.17	7717.46	6274.09	5001.82	5126.01	10887.26	7584.74	8126.07	9221.23	6112.25	8546.97	7019.54	8327.92	8704.99	5070.13	6349.36	6570.84	7879.1	8011.68	6618.21	5685.03
330.337	9102.26	6920.9	5422.79	10737.85	8349.78	8315.1	8733.94	7313.03	5989.61	5203.76	10365.09	8810.58	4118.88	9741.33	8102.01	9329.26	10519.25	8300.4	7465.5	11240.01	9419.93	10111.1	7452.18	8656.61	9528.87	8563.93	11461.13	11499.65	6553.67	10470.14	8795.31	9032.52	13983.63	10482.33	10498.78	12046.41	7623.36	11380.58	11458.2	8490.59	11709.48	8918.12	6885.55	7517.45	10244.82	7515.59	10436.45	8296.11	8690.34	15744.97	8537.64	6936.55	5537.21	5771.47	12010.05	8469.59	9084.65	10171.46	6760.54	9518.28	7809.28	9163.47	9674.78	5638.41	6976.7	7270.59	8838.93	8803.25	7330.03	6275.05
360.398	9344.03	7040.95	5517.89	10877.03	8497.2	8369.76	8910.37	7480.72	6102.36	5343.85	10518.37	8950.38	4283.69	9925.11	8216.08	9483.26	10708.73	8529.7	7624.21	11400.77	9624.59	10317.86	7574.69	8855.33	9654.7	8767.19	11505.08	11584.19	6728.08	10654.68	8975.74	9213.06	14053.38	10663.11	10660.76	12231.39	7853.65	11504.9	11605.9	8678.98	11928.1	9108.37	7053.83	7656.66	10324.13	7729.62	10556.47	8450.89	8807.22	15730.98	8659.78	7020.46	5629	5974.6	12151.1	8674.21	9321.12	10266.24	6833.01	9737.53	7951.12	9273.25	9839.88	5754.64	7092.34	7366.38	9047.76	8932.1	7432.83	6387.47
390.460	9662.86	7222.8	5685.01	11169.88	8704.43	8609.22	9218.74	7732.88	6310.23	5578.68	10767.39	9204.67	4511.32	10250.92	8449.69	9750.34	11069.79	8855.09	7865.45	11628.2	9954.95	10659.19	7810.13	9176.22	9991.8	9059.61	11666.05	11879.75	6974.72	10979.13	9257.84	9454.01	14178.81	10968.19	10948.3	12639.1	8162.31	11714.54	11859.5	8984.87	12240.09	9462.29	7328.19	7896.21	10534.64	8049.41	10794.6	8703.69	9005.37	15777.49	8868.81	7201.4	5800.88	6236.56	12400.32	8971.77	9694.19	10493.39	7048.3	10054.51	8202.14	9568.95	10179.03	5965.69	7266.26	7568.45	9405.6	9174.21	7635.46	6588.38
420.381	10005.97	7435.63	5830.12	11393.78	8941.99	8739.51	9505.6	8012.96	6488.38	5748.42	11015.7	9406.72	4736.1	10576.02	8671.48	9976.07	11375.5	9195.78	8081.01	11830.61	10223.29	10950.3	8008.94	9484.83	10239.81	9340.42	11772.49	12085.33	7235.11	11272.26	9506.05	9731.15	14254.92	11203.96	11180	12899.74	8481.66	11901.96	12078.41	9263.55	12575	9750.71	7585.2	8123.73	10703.27	8319.67	10986.51	8951.83	9218.7	15823.24	9054.83	7379.41	5950.1	6486.04	12615.36	9246.53	10038.7	10678.11	7210.24	10369.6	8431	9800.1	10454.7	6158.12	7442.53	7735.47	9675.19	9365.33	7821.09	6777.37
450.348	10456.29	7753.03	6036.51	11693.66	9273.91	9037.99	9859.43	8352.58	6771.26	6010.56	11353.81	9761.46	5002.75	10983.74	8992.33	10356.89	11801.87	9614.92	8399.12	12055.71	10661.78	11310.43	8320.41	9897.59	10571.64	9761.46	11935.85	12473.95	7579.73	11706.04	9943.1	10127.7	14380.98	11516.45	11506.94	13350	8882.72	12150.63	12350	9684.89	13040.7	10180.16	7926.51	8471.47	10940.42	8747.43	11300.13	9322.75	9514.65	15908.98	9383.44	7631.31	6172.82	6825.33	12946.04	9650.62	10515.74	11027.78	7494.81	10837.14	8781.04	10140.42	10926.43	6418.26	7689.35	8022.33	10153.22	9690.9	8088.73	7042.7
480.316	11023.97	8133.2	6345.43	12070.74	9684.41	9404.6	10399.32	8809.27	7123.73	6350.49	11695.31	10218.48	5360.56	11481.73	9386.76	10831.7	12278.02	10165.87	8809.75	12261.59	11226.26	11703.66	8717.53	10452.54	10986.88	10262.07	12126.49	12991.65	7997.59	12138.37	10440.55	10686.42	14545.31	11849.84	11848.72	13879	9390.75	12429.24	12674.89	10200.7	13682.04	10707.16	8405.43	8879.84	11264.38	9198.84	11651.91	9761.11	9949.84	16015.44	9801.79	7945.95	6472.14	7233.78	13347.2	10166.55	11098.27	11492.4	7841.04	11392.4	9242.12	10632.51	11458.32	6743.44	8024.15	8407.47	10676.28	10093.72	8458.78	7384.66
510.300	11038.94	8132.83	6312.12	11998.87	9649.21	9282.68	10368.9	8806.33	7120	6375.44	11614.45	10144.39	5439.86	11438.37	9354.02	10753	12207.75	10191.23	8772.17	12250.63	11197.7	11717.67	8664.35	10414.49	10955.07	10269.12	12068.97	12819.21	8021.74	12103.59	10403.14	10594.82	14509.54	11839.19	11809.51	13818.03	9448.81	12369.44	12614	10189.18	13594.55	10704.55	8402.44	8833.33	11164.96	9263.45	11563.62	9718.36	9860.5	15952.13	9720.73	7926.1	6450.73	7286.69	13247.19	10162.64	11129.31	11376.47	7793.13	11380.91	9215.9	10559.09	11400.15	6752.44	8011.55	8364.95	10704.09	10036.43	8391.27	7379.51
540.689	11566.75	8436.7	6587.97	12300.72	10049.81	9620.12	10845.62	9198.7	7450.98	6692.67	11931.62	10548.01	5786.61	11808.21	9706.76	11202.24	12578.47	10622.17	9143.16	12386.89	11642.89	12023.33	9042.95	10942.53	11238.89	10716.87	12211.21	13234.4	8429.92	12463.12	10870.34	11059.87	14626.57	12097.43	12062.21	14128.9	9925.15	12572.99	12871.38	10608.27	14059.02	11204.59	8815.64	9229.82	11402.87	9670.26	11824.21	10102.4	10232.35	16028.69	10088.66	8222.25	6730.93	7680.03	13575.21	10622.72	11677.44	11737.01	8114.02	11839.38	9596.46	10988.06	11862.88	7060.5	8295.24	8655.45	11223.68	10466.22	8728.49	7691.41
570.703	12080.19	8812.76	6841.08	12551.16	10463.72	9929.27	11289.85	9631.86	7747.26	7029.99	12206.44	10956.99	6117.94	12157.2	10092.87	11623.47	12895.5	11006.01	9543.25	12526.21	12006.73	12275.19	9419.55	11435.68	11530.23	11201.43	12337.99	13584.83	8809.82	12786.76	11368.09	11516.44	14724.11	12305.47	12314.72	14404.21	10383.67	12725.82	13040.37	10978.04	14455.94	11688.56	9223.65	9628.92	11625.41	10151.23	12121.31	10538.41	10628.44	16067.16	10450.36	8514.18	6991.86	8022.91	13854.08	11092.6	12162.89	12156.36	8452.02	12386.66	9982.4	11472.48	12370.68	7346.78	8612.7	9038.57	11711.99	10776.61	9063.75	8019.52
600.936	12812.23	9314.24	7209.58	12846.29	11026	10399.35	11913.61	10186.99	8198.14	7455.64	12551.4	11539.61	6569.51	12492.86	10643.61	12216.54	13239.13	11468.18	10073.56	12653.67	12438.67	12522.43	9945.75	12091.91	11844.27	11790.03	12464.73	13964.56	9362.63	13150.47	11957.07	12164.52	14823.14	12555.21	12571.17	14725.73	10982.45	12930.68	13329.23	11422.17	14890.77	12370.62	9784.17	10161.91	11906.44	10741.17	12423.58	11117.62	11175.83	16166	10983.4	8940.36	7378.11	8541.42	14230.67	11718.91	12750.21	12771.78	8910.29	13095.38	10578.41	12028.36	13071.63	7806.29	9081.42	9504.1	12382.77	11355.33	9526.53	8414.4
630.888	13320.11	9697.97	7510.4	13055.26	11462.5	10778.73	12322.32	10659.01	8576.21	7819.88	12768.55	11977.94	6938.52	12736.12	11059.76	12648.48	13472.41	11763.02	10471.44	12727.22	12699.71	12669.19	10333.4	12535.53	12035.91	12206.17	12548.31	14222.74	9821.16	13386.74	12355.64	12675.31	14886.06	12685.62	12751.11	14943.04	11414.79	13011.73	13448.02	11723.05	15161.72	12930.19	10222.58	10604.88	12088.6	11234.63	12618.13	11558.33	11591.41	16204.7	11306.76	9290.27	7680.51	8989.18	14436.11	12134.58	13190.27	13180.74	9296.62	13598.02	11002.8	12547.76	13485.62	8143.33	9467.31	9905.93	12953.68	11707.04	9887.74	8798.38
660.919	13759.93	10005.61	7776.44	13189.78	11830.47	11062.6	12650.43	11025.54	8878.3	8115.38	12896.69	12381.19	7280.91	12897.54	11390.64	13056.77	13610.39	11978.39	10793.85	12773.5	12901.08	12771.15	10694.81	12886.85	12173.83	12556.37	12595.13	14410.18	10218.26	13518.75	12692.28	13126.24	14914.73	12809.58	12869.8	15051.92	11762.63	13083.9	13573.3	11958.15	15372.15	13405.4	10640.34	10997.32	12227.2	11637.08	12750	11986.18	11984.71	16220.61	11573.84	9607.54	7957.49	9372.73	14590.9	12512.94	13486.25	13478.59	9614.56	13991.79	11406.52	12949.48	13819.02	8449.92	9761.47	10227.88	13446.85	12093.01	10220.31	9108.58
691.011	13893.2	10144.13	7835.14	13240.12	11938.55	11117.75	12784.7	11185	9007.52	8229.21	12952.28	12451.46	7477.44	12949.39	11480.12	13122.4	13623.12	12049.06	10888.42	12775.73	12946.33	12789.65	10782.24	13000.13	12166.59	12667.81	12606	14413.19	10375.91	13540.3	12781.21	13269.52	14932.87	12830.39	12901.65	15046.53	11869.67	13088.29	13588.35	12002.92	15391.26	13551.07	10747.75	11116.64	12215.51	11796.75	12748.43	12058.81	11995.44	16197.32	11592.27	9654.82	8029.97	9500.13	14554.04	12608.87	13560.78	13498.36	9679.87	14090.82	11521.37	13008.65	13904.36	8583.16	9810.29	10284.16	13586.19	12179.51	10279.74	9195.88
720.963	14087.01	10295.97	7952.91	13316.3	12062.52	11174.58	12909.85	11375.56	9189.28	8428.52	12986.08	12598	7685.25	12962.09	11599.83	13344.17	13640.14	12107.39	10975.43	12751.97	12987.62	12806.76	10948.84	13150.9	12171.83	12814.73	12595.27	14432.63	10607.44	13591.26	12874.02	13550.39	14932.67	12852.11	12873.98	15003.38	12041.05	13070.43	13633.3	12076.63	15419.66	13751.43	10930.05	11306.75	12222.05	11959.7	12750.51	12273.36	12102.9	16148.87	11652.4	9799.32	8192.33	9696.79	14580.27	12728.72	13688.66	13517.91	9783.19	14194.18	11694.04	13150.9	14031.53	8726.51	9927.85	10355.13	13802.04	12299.5	10396.81	9343.24
750.900	14060.67	10233.03	7952.09	13292.38	11975.8	11035.26	12897.36	11378.16	9165.62	8433.25	12947.97	12524.31	7756.21	12968.12	11552.63	13251.35	13608.46	12114.38	10974.83	12751.31	12998.43	12815.23	10916.59	13152.57	12186.15	12808.89	12588.92	14381.48	10630.73	13570.85	12871.88	13519.25	14911.09	12842.2	12867.82	15006.15	12036.4	13060.03	13588.5	12046.92	15391.4	13734.15	10935.52	11276.03	12172.06	11953.59	12717.89	12235.81	12053.96	16126.97	11605.52	9736.37	8165.16	9720.22	14533.04	12694.23	13675.99	13466.62	9775.44	14172.06	11667.6	13072.21	13988.18	8715.28	9894.42	10335.23	13815.66	12231.53	10370.91	9352.71
780.946	14249.72	10428.21	8041.08	13345.76	12178.6	11155.1	13021.2	11539.39	9328.11	8599.35	12996.29	12671.93	7978.28	13018.58	11647.06	13380.85	13635.74	12178.2	11074.75	12750.22	13035.9	12837.06	11062.93	13261.65	12211.58	12926.94	12590.25	14412.88	10843.98	13604.6	12979.33	13708.49	14926.37	12866.01	12876.7	15001.54	12154.96	13065.94	13649.41	12100.88	15440.54	13908.36	11094.07	11467.4	12169.57	12111.71	12738.42	12384.51	12159.61	16093.21	11668.93	9881.15	8289.24	9904	14500.97	12808.13	13783.56	13497.91	9918.54	14268.48	11842.93	13238.27	14084.3	8834.66	9978.46	10440.92	13995.14	12403.24	10474.9	9452.04
811.272	14480.04	10674.73	8240.57	13422.9	12424.12	11336.24	13170.85	11767.24	9579.26	8837.82	13061.93	12844.21	8235.47	13083.72	11818.03	13580.58	13717.76	12266.54	11240.86	12778.92	13121.23	12866.73	11345.17	13421.76	12267.02	13103.72	12624.92	14504.4	11119.69	13686.9	13129.67	13975.42	14943.08	12907.93	12919.39	15069.65	12296.96	13096.83	13680.91	12197.79	15530.8	14164.96	11282.29	11716.46	12252.91	12371.63	12780.87	12651.71	12371.99	16086.82	11801.66	10058.38	8486.61	10113.89	14554.96	12968.24	13932.02	13640.34	10129.68	14433.76	12019.86	13436.19	14213.34	9057.59	10210.53	10632.2	14267.75	12557.98	10650.65	9631.43
841.771	14623.16	10878.26	8391.45	13482.71	12596.55	11428	13301.06	11951.3	9809.73	9007.13	13120.69	13043.36	8454.22	13132.12	11940.36	13737.06	13725.71	12333.61	11364.13	12774.68	13165.05	12882.68	11532.2	13534.67	12274.67	13225.28	12630.84	14551.18	11352.77	13718.05	13257.66	14247.96	14947.89	12921.94	12943.7	15084.62	12408.15	13099.65	13715.34	12264.83	15571.48	14393.79	11460.07	11941.39	12274.48	12541.88	12803.33	12874.11	12546.83	16064.98	11877.56	10230.08	8657.87	10370.01	14608.65	13100.13	14018.78	13755.08	10338.63	14566.84	12285.46	13620.22	14328.16	9217.29	10409.94	10807.16	14516.01	12767.63	10782.02	9820.17
871.770	15070.67	11407.89	8796.7	13666.88	13110.28	11954.93	13594.19	12409.65	10308.31	9489.58	13305.45	13458.71	8986.94	13269.3	12284.8	14188.4	13851.76	12488.93	11722.91	12824.23	13325.78	12949.36	12136.75	13786.59	12392.09	13507.93	12691.87	14801.84	11974.56	13859.93	13611.16	14800.9	14991.7	13002.48	13073.61	15260.34	12637.22	13178.61	13841.24	12429.27	15727.21	14866.29	11853.04	12489.16	12448.9	13058.43	12986.55	13476.39	13087.39	16115.18	12173.98	10706.93	9069.69	10886.16	14783.84	13454.4	14282.2	14079.61	10839.49	14927.96	12924.8	14085.99	14582.24	9729.18	10878.88	11286.54	14939.84	13215.87	11350.98	10306.66
901.831	15389.06	11962.18	9305.84	13828.37	13580.34	12533.23	13812.42	12828.18	10927.75	10075.31	13459.03	13864.41	9552.07	13362.77	12601.33	14592.48	13932.41	12579.84	12052.26	12847.81	13431.77	12982.19	12776.84	14004.42	12463.17	13746.18	12743.93	15035.51	12579.32	13957.1	13866.11	15266.34	15017.09	13056.78	13125.51	15361.17	12832.49	13223.74	13918.9	12552.39	15847.35	15266.5	12162.73	13014.17	12586.17	13515.95	13113.96	14074.77	13689.55	16131.18	12422.55	11236.7	9571.57	11482.86	14927.13	13694.43	14465.02	14330.16	11409.66	15174.7	13588.54	14490.4	14839.28	10225.46	11425.24	11869.68	15353.92	13773.08	11924.74	10804.48
