Time [s]	#1 (DAPI)	#2 (DAPI)	#3 (DAPI)	#4 (DAPI)	#5 (DAPI)	#6 (DAPI)	#7 (DAPI)	#8 (DAPI)	#9 (DAPI)	#10 (DAPI)	#11 (DAPI)	#12 (DAPI)	#13 (DAPI)	#14 (DAPI)	#15 (DAPI)	#16 (DAPI)	#17 (DAPI)	#18 (DAPI)	#19 (DAPI)	#20 (DAPI)	#21 (DAPI)	#22 (DAPI)	#23 (DAPI)	#24 (DAPI)	#25 (DAPI)	#26 (DAPI)	#27 (DAPI)	#28 (DAPI)	#29 (DAPI)	#30 (DAPI)	#31 (DAPI)	#32 (DAPI)	#33 (DAPI)	#34 (DAPI)	#35 (DAPI)	#36 (DAPI)	#37 (DAPI)	#38 (DAPI)
13.530	1253.58	984.24	1118.5	1065.45	1249.02	1461.6	1013.77	1173.99	1124.19	1068.94	1189.07	1000.22	1047.42	1128.64	1049.99	1097.62	999.48	1169.44	1331.08	1411.58	1247.76	1135.67	1183.32	1151.74	1195.28	1536.96	1026.76	1113.3	1526.19	1007.49	1126.7	1069.98	1444.46	1106.7	1587.2	1275.27	1179.27	1246.99
43.451	1386.96	1065.85	1240.1	1164.62	1429.32	1718.54	1036.75	1287.6	1256.87	1175.25	1310.76	1090.5	1131.95	1266.11	1161.28	1229.23	1072.65	1310.83	1466.57	1645.1	1450.54	1274.71	1330.19	1293.04	1319.11	1822.16	1151.03	1228.44	1793.1	1096.02	1184.44	1177.25	1534.36	1189.05	1711.42	1372.41	1256.9	1364.38
73.434	1524.4	1146.14	1371.46	1255.8	1623.22	1970.76	1067.66	1414.28	1401.22	1274.99	1429.6	1180.26	1231	1413.45	1274.17	1384.05	1145.46	1432.43	1622.55	1878.12	1661.9	1429.55	1482.69	1423.4	1476.94	2136.54	1289.56	1358.17	2081.23	1185.73	1259.51	1305.36	1635.34	1267.91	1831.3	1483.02	1329.25	1477.18
103.589	1688.17	1232.91	1541.37	1373.57	1856.53	2268.88	1123.1	1551.78	1568.3	1390.06	1582.24	1293.77	1337	1577.83	1421.64	1555.75	1218.64	1581.87	1786.24	2145.62	1895.39	1616.86	1656.95	1567.08	1644.71	2478.16	1451.28	1487.67	2375.81	1294.68	1330.41	1456.22	1745.17	1358.19	1955.95	1610.61	1408.27	1614.1
134.041	1878.52	1344.2	1738.35	1493.3	2140.66	2608.98	1186.67	1726.6	1764.72	1507.23	1764.67	1434.43	1477.56	1763.38	1586.67	1760.94	1313.69	1749.5	2004.58	2448.58	2193.22	1848.54	1849.53	1723.27	1850.51	2891.25	1668.9	1658.24	2755.97	1424.42	1433.23	1638.75	1865.57	1476.57	2099.6	1788.17	1516.22	1750.21
163.993	2075.41	1459.33	1970.63	1625.81	2463.04	2985.14	1266.44	1905.19	1984.44	1643.04	1978.61	1589.3	1635.99	1988.38	1753.19	1996.89	1407.69	1918.83	2243.16	2791.54	2499.63	2109.24	2073.95	1887.93	2084.81	3331.88	1921.69	1836.79	3144.58	1566.32	1532.86	1856.14	1982.1	1616.02	2243.84	1952.39	1622.25	1921.32
193.976	2219.25	1520.77	2143.09	1700.03	2722.76	3240.31	1315.44	2030.11	2134.12	1715.54	2111.03	1694.17	1738.26	2140.18	1875.33	2172.11	1463.09	2027.3	2408.32	3026.47	2740.02	2299.6	2225.68	1990.61	2254.55	3650.8	2113.72	1965.61	3416.47	1653.76	1579.67	2015.23	2051.46	1713.85	2334.21	2101.63	1719.96	2001.23
223.944	2420.4	1649.18	2391.93	1849.38	3076.49	3628.91	1407.96	2222.19	2364.46	1831.72	2330.29	1859.17	1911.79	2369.89	2060.23	2426.84	1549.92	2201.41	2668.94	3377.27	3092.12	2605.62	2461.88	2167.16	2507.38	4125.42	2395.22	2151.3	3832.52	1805.93	1685.09	2276.26	2173.75	1851.69	2461.07	2308.97	1836.88	2138.39
253.896	2604.5	1748.14	2620.61	1971.16	3419.17	3990.54	1500.12	2385.35	2582.31	1933.24	2553.21	2030.53	2072.82	2578.6	2240.01	2677.04	1612.27	2381.82	2909.9	3679.91	3410.74	2872.83	2671.67	2308.64	2753.63	4558.43	2672.07	2324.45	4217.76	1958.47	1772.21	2497.4	2261.89	1984.6	2592.1	2500.35	1944.58	2261.03
283.911	2795.14	1859.77	2888.91	2092.98	3792.99	4364.99	1593.91	2553.42	2800.01	2052.61	2759.55	2190.37	2255.06	2804.17	2421	2918.47	1706.38	2535.47	3151.96	4014.56	3743.78	3172.98	2888.17	2461.81	3018.57	5015.54	2965.45	2500.11	4602.84	2104.65	1875.61	2744.29	2349.94	2135.89	2692.38	2709.14	2065.78	2400.46
313.848	3086.9	2030.79	3237.78	2291.24	4301.26	4889.94	1733.5	2804.91	3127.61	2216.57	3073	2418.76	2510.87	3126.29	2678.98	3287.38	1838.57	2784.25	3507.04	4495.59	4219.11	3585.28	3202.14	2684.53	3360.24	5629.21	3371.19	2756.18	5169.64	2331.93	2013.67	3106.3	2498.7	2343.2	2860.76	3007.02	2246.04	2584.58
343.831	3319.12	2161.8	3552.72	2445.83	4750.47	5342.18	1882.06	3019.91	3414.75	2335.36	3330.11	2613.15	2731.78	3403.44	2906.82	3588.03	1938.8	2986.3	3828.9	4885.15	4629.02	3933.94	3472.1	2860.08	3670.03	6125.19	3735.07	2979.25	5630.36	2507.89	2142.07	3407.66	2609.82	2517.83	2987.73	3255.02	2385.39	2745.2
373.939	3621.97	2348.79	3967.61	2647.48	5311.4	5886.59	2052.52	3292.88	3769.1	2524.95	3667.58	2885.63	3023.45	3757.27	3181.06	4002.84	2076.67	3242.89	4222.69	5388.18	5142.19	4391.67	3816.3	3094.46	4072.51	6811.25	4192.57	3267.02	6240.59	2750.16	2299.97	3817.5	2765.21	2760.39	3179.84	3582.09	2566.64	2947.36
403.969	3473.19	2237.26	3865.54	2524.84	5182.83	5682.65	2010.05	3157.14	3644.85	2396.63	3548.38	2785.32	2933.32	3617.49	3080.3	3875.33	1975.2	3109.62	4079.8	5160.47	4983.72	4261.44	3665.08	2951.85	3957.42	6554.18	4105.67	3127.92	6002.05	2653.74	2220.07	3730.27	2624.71	2685.77	3008.58	3492.16	2479.49	2803.28
433.828	3763.93	2408.51	4268.14	2738.98	5751.63	6221.56	2176.77	3415.68	3996.32	2568.55	3902.79	3032.65	3239.8	3974.06	3372.85	4263.2	2108.08	3346.16	4456.23	5631.45	5489.23	4720.19	4014.05	3166.47	4361.83	7209.8	4559.2	3421.19	6578.87	2883.96	2371.65	4128.28	2782.97	2926.47	3165.2	3809.75	2661.33	3001.46
463.905	4026.31	2567.1	4631.7	2918.46	6258.54	6709.29	2358.15	3655.24	4334.04	2716.46	4197.32	3262.94	3513.03	4290.25	3627.7	4619.61	2250.89	3606.09	4780.36	6090.65	5971.43	5117.28	4315.47	3369.72	4699.35	7790.8	5000.78	3679.43	7089.12	3116.25	2511.34	4476.1	2915.67	3155.93	3324.64	4096.99	2810.19	3179.32
493.764	4219.29	2685.94	4958.33	3051.18	6658.73	7093.68	2489.84	3835.13	4604.48	2846.51	4426.33	3445.19	3726.39	4528.93	3840.71	4915.65	2333.57	3798.41	5053.4	6456.03	6314.57	5438.68	4553.11	3513.81	4972.07	8247.5	5343.68	3865.86	7527.09	3291.77	2616.65	4770.76	3016.58	3326.81	3400.91	4335.81	2926.35	3312.33
523.841	4264.72	2704.81	5071.13	3081.87	6799.98	7195.84	2558.41	3862.07	4693.68	2845.45	4503.42	3497.72	3836.04	4602.13	3899.54	5012.11	2359.44	3830.32	5143.72	6541.74	6422.19	5549.58	4622.5	3514.92	5070.75	8345.22	5454.59	3932.03	7576.98	3348.5	2638.51	4881.8	3017.13	3390.58	3389.68	4412.42	2945.14	3314.92
554.152	4504.28	2859.83	5438.43	3265.96	7345.24	7695.89	2741.72	4100.37	5018.66	3002.03	4826.31	3724.26	4129.54	4920.45	4161.25	5372.29	2481.78	4080.73	5496.04	6978.09	6903.98	5961.93	4924.3	3711.24	5435.19	8885.99	5882.27	4189.12	8134.93	3581.59	2778.4	5266.9	3132.26	3621.55	3527.97	4712.09	3104.46	3472.7
584.166	4821.71	3063.73	5916.48	3517.62	7972.66	8297.13	2976.99	4391.7	5467.13	3212.42	5199.22	4016.7	4489.21	5305.47	4503.31	5803.63	2644.27	4382.66	5917.08	7540.67	7471.62	6473.27	5321.72	3967.58	5880.81	9598.27	6402.91	4516.74	8780.43	3877.43	2962.99	5710.85	3313.92	3909.55	3717.5	5082.21	3291	3692.37
614.399	5085.91	3247.78	6333.97	3725.1	8503.84	8796.67	3165.63	4626.12	5825.07	3382.21	5515.64	4252.17	4787.84	5630.03	4779.73	6174.59	2788.63	4641.35	6268.03	7980.13	7940.31	6861.14	5641.03	4165.21	6213.68	10160.75	6845.14	4781.11	9302.15	4108.64	3117.72	6095.06	3459.75	4166.75	3867.14	5367.78	3448.38	3871.63
644.305	5331.4	3404.33	6715.52	3929.88	9037.32	9290.1	3352.11	4852.26	6164.99	3557.29	5836.52	4475.57	5110.12	5961.62	5066.86	6550.43	2927.29	4895.71	6622.79	8427.02	8429	7278.21	5954.53	4370.06	6601.3	10727.57	7265.59	5061.88	9827.85	4351.79	3273.8	6480.06	3576.64	4410.11	3991.9	5660.64	3602.94	4048.6
674.460	5442.01	3497.95	6999.11	4065.66	9373.68	9569.06	3508.86	4977.24	6387.1	3639.12	6004.24	4602.44	5307.99	6145.45	5247.06	6753.88	3014.17	5028.89	6808.31	8662.1	8691.99	7520.9	6144.23	4457.74	6791.66	10969.24	7530.04	5207.52	10109.94	4494.36	3362.91	6724.5	3650.54	4542.96	4068.87	5826.08	3641.79	4148.96
704.474	5608.78	3607.31	7303.75	4217.48	9780.23	9927.6	3659.85	5133.07	6646.72	3767.76	6258.08	4759.79	5576.57	6383.8	5455.55	7008.48	3112.21	5212.49	7077.01	8969.43	9041.88	7802.32	6375.47	4620.54	7077.9	11390.36	7861.38	5411	10493.01	4677.27	3471.06	7022.65	3727.4	4741.96	4163.61	6060.47	3749.8	4242.86
734.379	5624.93	3630.88	7397.83	4248.56	9843.89	9953.18	3725.82	5149.49	6719.71	3782.68	6301.45	4782.13	5654.48	6431.85	5505.8	7065.94	3145.31	5262.49	7090.44	9053.95	9106.16	7847.73	6416.21	4615.4	7135.71	11389.79	7933.99	5454.22	10525.17	4705.82	3502.61	7096.75	3737.8	4809.06	4157.86	6065.52	3747.49	4265.16
764.410	5955.38	3866.32	7925.04	4542.8	10548.37	10608.23	3988.68	5448.42	7203.49	4035.2	6698.38	5069.91	6074.92	6893.95	5884.54	7521.1	3351.35	5629.27	7548.94	9649.72	9746.01	8386.66	6858.81	4890.45	7615.16	12007.32	8482.77	5816.42	11207.92	5053.52	3722.7	7612.21	3930.04	5136.61	4366.63	6466.26	3925.34	4535.96
794.752	5882.4	3833.94	7883.82	4509.5	10468.82	10490.73	3997.4	5383.43	7145.39	3992.45	6638.33	5019.87	6067.82	6822.71	5858.92	7448.74	3337.81	5592.67	7450.34	9576.15	9630.33	8293.96	6820.47	4807.01	7541.13	11878.34	8420.36	5765.56	11073.69	5027.48	3682.04	7568.27	3877.44	5095.71	4295.49	6389.96	3877.9	4451.73
824.985	6110.31	4004.75	8316.2	4745.32	11010.75	10964.82	4213.84	5609.57	7550.74	4193.31	6990.74	5275.4	6427.32	7163.08	6161.76	7808.83	3508.13	5889.18	7821.39	10036.6	10110.12	8694.03	7157.6	5038.9	7908.92	12319.98	8873.76	6064.29	11578.34	5290.45	3849.23	7950.52	4030.54	5375.89	4469.67	6680.02	4013.68	4664.04
855.280	6388.44	4198.84	8771.31	4987.35	11579.67	11426.99	4428.39	5854.28	7946.09	4405.91	7311.85	5499.89	6790.21	7503.32	6489.49	8181.81	3683.78	6186.42	8168.69	10518.92	10570.43	9080.86	7500.66	5256.17	8267.98	12700.42	9303.66	6366.34	12131.11	5565.06	4003.35	8356.82	4210.75	5665.08	4623.79	6948.95	4162.11	4866.25
885.310	6784.12	4473.65	9423.45	5363.58	12429.02	12042.83	4763.17	6224.93	8533.92	4708.09	7834.2	5877.21	7318.68	8070.55	6982.19	8771.59	3955.23	6659.48	8714.92	11259.53	11270.91	9731.97	8070.06	5620.13	8857	13225.56	9966.38	6819.08	12979.03	5967.46	4284.75	8980.12	4462.52	6069.79	4896.38	7416.51	4406.41	5170.42
