Time [s]	#1 (DAPI)	#2 (DAPI)	#3 (DAPI)	#4 (DAPI)	#5 (DAPI)	#6 (DAPI)	#7 (DAPI)	#8 (DAPI)	#9 (DAPI)	#10 (DAPI)	#11 (DAPI)	#12 (DAPI)	#13 (DAPI)	#14 (DAPI)	#15 (DAPI)	#16 (DAPI)	#17 (DAPI)	#18 (DAPI)	#19 (DAPI)	#20 (DAPI)	#21 (DAPI)	#23 (DAPI)	#24 (DAPI)	#25 (DAPI)	#26 (DAPI)	#27 (DAPI)	#28 (DAPI)	#29 (DAPI)	#30 (DAPI)	#31 (DAPI)	#32 (DAPI)	#33 (DAPI)	#34 (DAPI)	#35 (DAPI)	#36 (DAPI)	#37 (DAPI)	#38 (DAPI)	#39 (DAPI)	#40 (DAPI)	#41 (DAPI)	#42 (DAPI)	#43 (DAPI)	#44 (DAPI)	#45 (DAPI)	#46 (DAPI)	#47 (DAPI)
3.655	1136.61	1082.63	1114.12	1033.42	1115.17	1110.46	1140.81	1127.49	1094.87	1218.69	1113.26	1221.3	1122.75	1060.7	1256.39	1040.46	942.79	1219.04	1115	1242.47	1020.96	1084.69	865.55	1077.4	1170.42	1065.56	1022.88	1122.05	1205.61	1131.91	1352.03	1014.79	1085.63	972.41	1013.41	1039.1	1196.92	1056.55	1223.2	1120.23	1083.17	1073.68	1286.38	1503.06	1111.73	1215.57
33.561	1263.18	1216.29	1253.65	1143.17	1228.44	1254.12	1291.98	1234.63	1238.35	1361.95	1230.06	1341.75	1238.97	1187.72	1410.82	1182.28	1067.37	1400.2	1257.66	1392.42	1107.19	1220.55	943.71	1224.64	1324.54	1207.93	1144.63	1233.78	1336.87	1264.98	1567.68	1143.99	1251.72	1065.86	1164.81	1167.26	1357.84	1181.63	1415.37	1300.83	1221.55	1178.28	1517.97	1660.2	1266.54	1333.93
63.560	1346.42	1343.25	1365.66	1239.8	1317.3	1376.42	1404.21	1305.34	1358.15	1479.27	1319.26	1429.32	1326.44	1301.8	1544.07	1305.7	1170.68	1553.46	1365.78	1520.86	1180.58	1336.01	1014.84	1338.86	1428.81	1324.69	1239.31	1329.12	1458.64	1361.27	1725.58	1240.61	1365.18	1124.64	1281.41	1263.73	1495.71	1286.6	1557.32	1427.82	1332.51	1260.93	1719.66	1798.82	1403.8	1436.76
93.621	1475.43	1522.47	1539.7	1375.32	1457.62	1557.09	1561.93	1440.11	1519.93	1659.26	1432.57	1557.05	1456.23	1455.9	1722	1478.62	1340.77	1737.27	1501.34	1703.65	1288.9	1494.09	1141.41	1492.25	1596.96	1486.84	1379.56	1471.95	1635.72	1492.44	1941.51	1393.31	1542.76	1233.04	1466.6	1414.03	1686.73	1435.03	1766.28	1629.09	1490.07	1381.5	1989.68	2014.35	1590.57	1577.42
124.088	1613.5	1727.4	1727.06	1517.55	1595.87	1755.04	1723.7	1572.86	1697.04	1850.86	1561.33	1670.9	1587.19	1643.91	1902.46	1673.81	1531.51	1937.37	1627.87	1913.2	1416.15	1659.01	1273.42	1650.02	1762.97	1649.22	1527.68	1626.91	1832.68	1608.66	2140.66	1552.31	1720.88	1318.94	1663.37	1577.27	1881.63	1590.11	1959.33	1843.87	1641.73	1486.38	2281.84	2193.67	1819.67	1718.37
154.040	1782.67	1971.57	1956.38	1697.83	1788.19	2008.78	1922.07	1739.55	1896.55	2067.91	1703.06	1802.96	1734.79	1843.27	2092.24	1902.38	1766.7	2190.27	1786.69	2169.72	1561.15	1857.32	1452.49	1838.02	1947.43	1845.62	1694.65	1803.12	2071.15	1749.57	2381.99	1748.18	1932.37	1440.97	1908.02	1757.16	2122.51	1769.32	2205.53	2071.19	1825.39	1604.54	2633.17	2423.21	2076.03	1893.7
184.024	1916.66	2193.16	2151.75	1848.76	1948.1	2235.78	2073.6	1882.39	2073.46	2271.93	1809.11	1910.62	1859.46	2022.04	2248.5	2103.66	1984.12	2383.52	1896.76	2393.58	1703.49	2035.16	1620.18	1985.36	2108.28	2007.39	1833.33	1967.57	2277.97	1856.12	2568.95	1925.07	2096.26	1534.79	2111.27	1924.85	2333.95	1914.29	2378.46	2272.2	1986.89	1689.3	2935.79	2638.82	2314.02	2061.95
214.038	2086.64	2479.96	2384.89	2030.38	2148.91	2513.63	2265.62	2071.81	2289.8	2524.63	1951.37	2038.31	2023.89	2239.8	2435.76	2354.61	2258.61	2614.84	2025.64	2657.25	1868.64	2240.45	1812.18	2170.37	2300.38	2220.46	2004.21	2166.31	2536.43	1969.33	2773.27	2116.55	2294.85	1650.41	2373.94	2112.06	2575.39	2103.77	2603.89	2519.9	2165.83	1797.75	3310.06	2896.19	2591.01	2234.13
243.959	2251.87	2765.21	2629.53	2217.75	2336.62	2789.03	2435.25	2251.76	2497.11	2759.79	2076.86	2150.49	2150.97	2441.52	2623	2594.48	2538.21	2828.08	2139.16	2923.51	2048.04	2439.26	2036.14	2328.64	2462.49	2413.34	2173.7	2352.94	2799.06	2070.93	2966.08	2314.61	2484.61	1756.6	2626.71	2307.54	2814.11	2268	2816.13	2752.62	2332.18	1890.48	3663.35	3106.23	2874.81	2404.7
273.958	2410.48	3038.81	2856.24	2392.38	2523.35	3063.18	2594.89	2417.92	2694.65	2992.85	2193.55	2239.79	2287.85	2648.61	2770.92	2821.94	2791.18	3043.4	2233.8	3211.47	2223.75	2634.58	2250.45	2496.4	2628.31	2586.74	2328.72	2556.93	3048.38	2162.31	3136.41	2509.47	2656.06	1863.41	2869.28	2473.22	3042.97	2427.68	2998.9	2966.97	2485.71	1978.12	4003.62	3339.62	3155.07	2588.97
303.942	2647.65	3434.58	3194.79	2677.35	2805.39	3445.24	2857.34	2684.98	2994.48	3342.67	2375.25	2412.01	2492.74	2945.76	3030.63	3169.12	3192.57	3350.72	2405.77	3580.24	2495.04	2925.25	2552.35	2731.14	2887.16	2868.39	2554.93	2841.06	3402.45	2333.48	3398.18	2789.36	2919.2	2035.28	3231.25	2744.09	3372.34	2689.57	3286.45	3296.31	2744.24	2120.37	4482.13	3665.11	3539.06	2840.15
333.909	2920.59	3903.22	3595.07	2999.88	3148.47	3940.19	3164.96	3020.87	3356.69	3779.12	2617.65	2611.58	2751.15	3301.28	3341.08	3584.75	3649.53	3740.23	2621.3	4041.37	2798.74	3276.95	2915.53	3036.63	3201.61	3201.44	2852.55	3180.9	3849.96	2528.19	3733.17	3132.11	3260.88	2230.72	3661.52	3068.6	3796.09	2980.85	3652.28	3687.09	3042.03	2305.83	5070.53	4074.64	4025.48	3146.36
363.986	3092.17	4217.68	3847.24	3193.52	3362.97	4227.5	3344.16	3206.57	3558.14	4037.36	2733.15	2729.94	2895.98	3529.17	3510.58	3825.58	3955.55	3956.83	2712.06	4349.91	3008.25	3475.63	3151.28	3199.74	3385.46	3389.68	3015.78	3391.99	4125.12	2609.19	3888.63	3340.18	3439.58	2349.57	3917.95	3263.46	4012.41	3144.26	3833.62	3916.3	3195.29	2369.97	5428.7	4292.38	4319.33	3317.57
394.017	3236.59	4505.78	4062.61	3361.04	3559.71	4501.43	3494.91	3392.28	3738.72	4281.53	2841.12	2800.83	3007.55	3710.77	3634.74	4067.74	4226.1	4158.39	2774.55	4600.89	3193.87	3656.81	3390.7	3348.36	3530.31	3560.48	3163.28	3570.73	4384.75	2672.31	4015.93	3530.97	3598.18	2455.75	4154.18	3426.64	4221.1	3294.27	3989.11	4105.99	3349.86	2420.97	5730.81	4504.73	4598.91	3495.74
423.969	3354.67	4733.68	4227.99	3540	3702.2	4732.5	3607.61	3559.43	3898.44	4457.7	2922.54	2852.53	3103.06	3868.03	3730.66	4223.75	4458.28	4290.95	2815.54	4813.73	3352.81	3819.2	3576.07	3455.21	3630.03	3699.21	3284.92	3725.02	4591.52	2714.9	4103.1	3680.87	3708.79	2520.76	4336.4	3555.65	4355.57	3407.93	4116.94	4251.38	3463.31	2455.59	5969.92	4657.21	4810.05	3612.74
453.937	3577.29	5115.92	4530.8	3773.83	3955.85	5089.56	3825.54	3804.32	4161.14	4777.45	3075.84	2987.73	3270.27	4106.93	3914.91	4526.75	4819.94	4549.8	2939.48	5178.43	3623.16	4079.65	3866.84	3669.29	3854.14	3937.31	3494.79	3993.83	4906.99	2810.62	4287.45	3927.98	3926.04	2657.29	4660.25	3788.83	4675.29	3611.08	4360.66	4535.51	3666.35	2564.8	6386.46	4940.8	5156.38	3841.51
483.889	3794.97	5492.24	4848.73	4042.47	4229.46	5475.8	4057.47	4071.01	4440.2	5162.3	3248.45	3133.61	3456.06	4382.18	4120.29	4839.09	5192.84	4816.44	3080.77	5530.57	3878.98	4359.26	4176.41	3885.15	4088.63	4188.95	3714.24	4275.97	5311.21	2936.96	4495.34	4195.73	4173.88	2808.03	4988.29	4030.65	4952.71	3834.15	4601.48	4814.11	3884.82	2677.44	6808.7	5245.72	5530.93	4068.51
513.872	3929.91	5739.68	5045.83	4220.89	4402.32	5713.08	4188.82	4232.7	4605.1	5384.82	3351.7	3204.7	3560.39	4533.79	4243.6	5012.61	5440.1	4997.74	3144.81	5766.18	4075.71	4527.44	4393.53	4015.42	4228.36	4334.09	3828.34	4458.68	5514.3	2983.42	4580.75	4352.45	4307.75	2901.16	5194.76	4189.08	5136.93	3987.97	4717.07	4962.06	4006.54	2729.06	7078.83	5440.49	5777.73	4198.5
544.277	4126.55	6103.26	5334.96	4468.06	4634.29	6053.03	4416.23	4487.21	4865.99	5681.52	3503.33	3324.2	3727.23	4774.2	4432.77	5295.34	5782.53	5245.85	3244.69	6098.31	4336.37	4786.25	4674.34	4208.56	4421.96	4559.62	4043.54	4710.92	5839.46	3094.95	4756.47	4602.66	4501.04	3045.71	5498.1	4409.65	5380.93	4174.58	4964	5220.23	4208.04	2818.18	7427.78	5735.2	6136.34	4404.7
574.260	4400.56	6605.02	5717.17	4816.1	4976.48	6513.78	4712.41	4819.43	5202.74	6109.28	3726.59	3503.08	3972.3	5103.92	4686.45	5675.59	6220.44	5610.77	3424.55	6537.67	4661.92	5111.34	5054.32	4493.84	4735.28	4859.05	4320.75	5075.03	6294.5	3241.16	5021.22	4912.27	4806.24	3240.3	5888.35	4703.76	5738.82	4442.91	5253.18	5547.02	4482.74	2975.45	7953.9	6111.91	6584.67	4673.48
604.524	4681.55	7090.9	6131.15	5184.18	5292.73	6980.38	5016.09	5170.11	5572.61	6538.63	3952.19	3714.39	4224.52	5439.73	4975.06	6043.08	6707.46	5968.62	3604.22	7032.22	5016.02	5502.01	5437.97	4798.17	5061.61	5187.46	4622.59	5416.1	6730.16	3415.57	5292.42	5249.67	5118.05	3453.8	6323.55	5040.43	6088.82	4740.28	5577.55	5898.75	4768.2	3120.5	8483.2	6470.24	7050.51	4985.78
634.414	4926.4	7500.63	6432.93	5480.06	5581.95	7358.24	5285.44	5468.77	5864.03	6936.96	4135.17	3868.02	4437.34	5694.29	5197.61	6366.79	7060.39	6273.43	3754.64	7418.35	5318.91	5788.57	5769.04	5029.13	5312.89	5462.49	4867.15	5731.15	7123.18	3551.16	5494.09	5520.18	5357.39	3609.15	6632.95	5273.3	6377.25	4965.85	5810.44	6181.74	4999.07	3237.41	8894.9	6825.06	7434.82	5193.95
664.507	5282.45	8077.8	6918.89	5913.02	5975.86	7928.14	5679.19	5901.09	6288.01	7463.09	4404.38	4099.82	4742.13	6077.75	5541.82	6808.04	7607.21	6712.64	3975.81	7974.25	5771.17	6229.03	6218.77	5390.34	5690.94	5871.09	5217.47	6166.2	7670.98	3737.91	5813.53	5939.39	5740.26	3876.67	7127.18	5639.01	6806.94	5314.56	6214.07	6618.55	5338.97	3448.16	9490.58	7263.68	7988.89	5543.89
694.599	5385.81	8290.73	7060.28	6052.93	6130.41	8096.09	5800.2	6040.43	6411.63	7633.55	4508.17	4164.73	4831.33	6178.7	5611.93	6929.34	7785.32	6833.44	4026.7	8120.85	5938.11	6381.94	6384.37	5500.91	5808.17	5962.5	5321.15	6295.16	7837.34	3767.7	5869.83	6062.74	5832.98	3945.34	7248.36	5778.94	6926.09	5406.88	6292.75	6714.48	5425.79	3488.65	9670.07	7413.06	8151.25	5628.05
724.489	5593.72	8627.92	7343.46	6356.2	6367.62	8461.22	6016.81	6306.14	6703.88	7993.17	4686.37	4315.56	5009.39	6417.83	5806.6	7207.61	8140.72	7116.04	4154.39	8482.54	6189.51	6652.4	6665.83	5719.46	6025.08	6207.12	5543.46	6586.29	8164.75	3880.26	6030.33	6282.96	6047.24	4091.27	7550.97	5976.64	7174.34	5614.94	6508.14	6932.31	5624.79	3599.09	10008.61	7731.96	8518.34	5843.16
754.488	5561.69	8616.84	7293.1	6352.32	6327.07	8407.75	6000.45	6315.47	6660.01	7957.08	4669.01	4293.31	4995.37	6345.66	5763.26	7142.11	8122.49	7056.13	4112.52	8429.33	6207.4	6651.43	6666.17	5688.97	6009.38	6165.22	5528.74	6556.9	8131.71	3842.02	5955.33	6256.13	5998.57	4087.36	7485.5	5959.25	7085.13	5581.15	6441.8	6876.45	5606.41	3559.3	9910.27	7682.69	8474.97	5810.42
784.518	5714.34	8871	7495.43	6550.57	6520.1	8677.89	6212.69	6530.06	6835.15	8210.58	4797.47	4388.13	5130.74	6513.22	5884.68	7312.19	8348.98	7258.75	4213.95	8704.69	6408.19	6862.66	6868.83	5871.79	6185.74	6319.69	5700.05	6782.47	8406.01	3919.19	6071.87	6428.5	6159.64	4210.73	7691.04	6128.74	7246.84	5742.48	6616.57	7033.3	5734.72	3647.46	10146.84	7884.71	8727.06	5958.38
814.829	5861.81	9140.39	7685.92	6751.22	6703.87	8910.12	6374.69	6721.52	7034.9	8438.88	4921.04	4504.66	5273.13	6639.44	6053	7486.94	8544.82	7444.3	4306.87	8945.34	6600.96	7053.29	7080.69	6038.64	6371.36	6506.41	5848.83	6984.6	8613.24	4005.56	6178.14	6586.34	6308.69	4307.52	7865.98	6268.06	7428.71	5864.09	6769.81	7210.01	5905.15	3730.03	10365.2	8114.21	8969.63	6107.21
845.327	6174.15	9664.09	8096.14	7175.86	7079.63	9388.46	6755.92	7116.8	7415.37	8933.75	5195.14	4730.33	5546.94	6951.25	6359.44	7864.55	9045.56	7855.35	4537.58	9475.95	7008.68	7443.78	7476.93	6386.94	6724.6	6847.74	6208.91	7390.21	9113.52	4176.87	6488.98	6953.58	6635.55	4556.16	8277.03	6594.08	7774.46	6186.73	7120.85	7541.11	6206.79	3922.62	10882.94	8524.56	9418.93	6392.93
875.342	6520.23	10197.24	8548.94	7611.29	7463.06	9914.58	7103.83	7518.66	7827.02	9447.16	5483.08	4983.18	5837.48	7312.8	6668.71	8264.62	9531.06	8259	4751.99	9953.31	7416.46	7901.46	7887.32	6728.7	7088.81	7231.24	6536.66	7784.44	9613.19	4392.35	6791.93	7303.36	6975.9	4807.26	8708.02	6944.33	8156.59	6504.48	7453.05	7909.07	6558.18	4132.16	11441.22	8962.56	9939.49	6707.54
