Time [s]	#1 (DAPI)	#2 (DAPI)	#3 (DAPI)	#4 (DAPI)	#5 (DAPI)	#6 (DAPI)	#7 (DAPI)	#8 (DAPI)	#9 (DAPI)	#10 (DAPI)	#11 (DAPI)	#12 (DAPI)	#13 (DAPI)	#14 (DAPI)	#15 (DAPI)	#16 (DAPI)	#17 (DAPI)	#18 (DAPI)	#19 (DAPI)	#20 (DAPI)	#21 (DAPI)	#22 (DAPI)	#23 (DAPI)	#24 (DAPI)	#25 (DAPI)	#26 (DAPI)	#27 (DAPI)	#28 (DAPI)	#29 (DAPI)	#30 (DAPI)	#31 (DAPI)	#32 (DAPI)
10.207	895.6	1105.57	1306.15	978.35	1038.84	1110	1059.5	1433.77	1185.82	1177.07	1601.92	831.49	847.3	940.44	1136.72	1137.05	1147.58	1281.25	1242.34	1073.42	815.59	1018.96	783.57	1075.94	968.26	933.36	1074.8	1130.22	1065.82	1045.45	1003.35	1172.17
40.097	926.45	1204.19	1477.13	1054.37	1133.85	1214.71	1141.89	1617.83	1315.73	1303.69	1833.47	886.76	895.81	1000.8	1228.7	1254.69	1301.74	1398.71	1356.25	1167.08	833.64	1087.86	794.96	1175.67	1034.02	997.2	1197.71	1217.59	1134.85	1122.45	1028.12	1279.29
70.158	958.46	1283.61	1652.93	1120.68	1230.73	1315.75	1228.91	1780.56	1432.46	1424.79	2048.65	961.84	935.12	1057.46	1332.64	1384.9	1470.24	1517.95	1461.33	1248.41	861.46	1173.24	811.12	1271.15	1097.4	1064.44	1318.21	1304.76	1195.35	1195.56	1053.51	1376.74
100.251	1006.86	1396.76	1884.07	1214.59	1365.09	1442.65	1341.34	2020.43	1599.8	1574.88	2327.66	1074.04	995.87	1130.75	1467.72	1563.73	1692.59	1674.65	1603.05	1361.1	910.16	1289.12	849.19	1415.28	1181.58	1162.13	1482.24	1420.47	1272.35	1297.43	1094.84	1518.6
130.749	1049.29	1499.73	2100.95	1305.63	1496.5	1548.35	1461.78	2220.21	1744.27	1700.51	2584.13	1196.93	1067.02	1197.81	1594.7	1749.96	1925.52	1833.66	1728.84	1461.06	963.91	1394.52	875.67	1548.65	1251.81	1245.19	1649.81	1537.61	1335.8	1403.5	1138.57	1654.41
160.670	1115.09	1610.46	2334.33	1427.24	1654.96	1692.22	1599.87	2463.26	1919.74	1858.88	2848.21	1347.61	1141.2	1276.07	1759.54	1967.25	2199	2020.64	1887.68	1584.08	1036.79	1530.22	928.22	1694.51	1336.21	1354.68	1847.01	1669.65	1425.63	1523.26	1177.78	1790.18
190.669	1182.75	1738.95	2616.23	1557.24	1826.9	1830.85	1765.91	2740.7	2122.01	2029.28	3145.66	1548.04	1242.25	1370.27	1939.73	2243.07	2513.72	2250.14	2072.14	1716.1	1131.38	1676.27	981.31	1878.96	1447.57	1483.22	2073.3	1824.77	1509.87	1655.24	1242.33	1988.53
220.653	1211.48	1785.3	2740.46	1628.67	1929.09	1887.19	1849.22	2858.51	2195.85	2105.79	3263.38	1670.08	1281.9	1396.76	2035.36	2402.98	2713.48	2373.15	2155.84	1769.23	1179.22	1748.66	1010.26	1971.75	1468.07	1543.37	2211.04	1913.63	1547.09	1730.29	1264.05	2085.22
250.605	1249.16	1851.64	2899.22	1713.98	2048.04	1961.8	1965.32	3032.35	2308.29	2194.73	3430.03	1836.47	1343.76	1446.26	2144.6	2591.39	2946.95	2520.07	2263.17	1838.57	1252.51	1849.9	1055.47	2096.36	1527.73	1629.17	2374.37	2026.34	1586.56	1820.93	1303.58	2196.01
280.588	1354.43	1987.23	3196.41	1879.36	2264.44	2112.49	2153.67	3334.2	2522.27	2379.63	3742.38	2097.35	1466.72	1537.67	2370.8	2924.18	3338.42	2798.73	2470.14	1999.5	1382.32	2025.72	1141.46	2314.18	1638.12	1782.72	2657.7	2214.3	1695.28	1993.13	1371.95	2408.17
310.509	1426.09	2081.56	3436.28	2001.5	2440.42	2237.1	2321.39	3588.67	2695.82	2519.99	3963.35	2333.26	1568.16	1611.19	2539.25	3186.24	3680.53	3008.41	2642.24	2101.06	1501.29	2165.57	1213.18	2497.88	1722.49	1913.43	2892.07	2358.81	1772.2	2126.76	1425.93	2584.94
340.524	1527.5	2212.71	3775.01	2181	2678.96	2390.05	2536.01	3913.69	2901.3	2709.32	4273.47	2618.88	1715.29	1724.01	2777.43	3557.69	4097.28	3301.52	2861.56	2264.18	1651.52	2361.24	1314.4	2739.99	1825.44	2095	3214.2	2571.55	1872.39	2298.65	1528.48	2795.37
370.601	1619.58	2316.99	4008.39	2323.39	2879.57	2513.18	2712.1	4210.02	3082.11	2851.1	4485.99	2890.26	1835.19	1800.21	2962.92	3874.4	4392.91	3545.67	3033.96	2376.44	1779.76	2502.61	1403.41	2921.24	1913.21	2240.71	3464.98	2734.38	1940.52	2452.96	1588.64	2972.36
400.662	1583.93	2213.55	3910.32	2277.21	2822.66	2419.13	2669.34	4084.72	2985.45	2748.43	4317.31	2898.53	1796.3	1735.35	2888.12	3829.69	4400.8	3497.23	2964.32	2298.07	1771.64	2447.51	1389.42	2868.47	1843.31	2195.02	3424.27	2667.21	1877.21	2397.37	1555.98	2920.49
430.536	1694.35	2343.15	4222.63	2455.81	3058.96	2579.67	2896.66	4426.62	3201.67	2947.42	4620.02	3218	1954.72	1840.67	3132.99	4196.3	4850.62	3791.86	3207.13	2458.8	1949.22	2641.31	1507.17	3121.06	1963.76	2407.13	3742.43	2881.92	1979.05	2598.73	1646.82	3151.05
460.598	1782.76	2411.77	4417.45	2588.53	3234.37	2671.03	3055.06	4631.51	3346.37	3030.21	4765.66	3469.53	2067.38	1905.1	3287.53	4483.89	5168.46	4016.27	3359.98	2552.34	2068.82	2766.87	1589.51	3283.88	2039.98	2533.64	3952.18	3018.14	2035.68	2725.11	1708.16	3287.76
490.456	1861.86	2471.06	4641.25	2711.78	3405.09	2767.49	3196.12	4871.55	3472	3143.65	4937.84	3715.15	2180.53	1964.83	3454.91	4743.96	5490.02	4212.96	3509.11	2671.23	2202.14	2912.36	1674.82	3454.36	2107.15	2665.99	4213.15	3165.89	2101.24	2863	1773.57	3448.45
520.518	1890.26	2476.24	4681.8	2743.24	3464.4	2773.54	3255.94	4929.9	3506.65	3160.93	4917.78	3835.84	2227.48	1979.47	3506.68	4862.75	5605.28	4299.76	3559.86	2686.37	2266.18	2939.09	1737.05	3526.22	2118.6	2724.74	4292.24	3209.77	2093.83	2928.29	1792.72	3493.36
550.844	1993.04	2550.84	4902.12	2874.15	3645.15	2890.86	3444.28	5166.76	3647	3271.4	5092.44	4095.18	2359.49	2043.4	3679.28	5164.04	5954.08	4532.44	3731.26	2795.05	2409.45	3072.62	1829.42	3710.67	2201.14	2878.12	4535.93	3360.82	2154.41	3085.15	1864.42	3642.61
580.859	2147.34	2693.89	5263.3	3099.83	3948.01	3062.61	3688.85	5587.31	3904.3	3495.35	5424.14	4490.66	2557.55	2178.34	3960.9	5621.88	6479.71	4890.48	4025.37	3007.11	2620.03	3312.7	1994.57	4000.76	2348.01	3107.17	4928.5	3594.97	2296.24	3314.99	1982.2	3898.71
611.092	2252.96	2785.63	5531.22	3252.7	4159.17	3184.82	3886.52	5861.46	4056.8	3632.54	5612.9	4782.28	2710.1	2256.32	4151.43	5941.2	6848.75	5179.41	4245.56	3130.08	2786.29	3468.67	2109.12	4196.42	2434.96	3289.48	5189.09	3745.08	2363.45	3494.22	2070.48	4076.92
640.982	2352.02	2858.36	5730.51	3366.02	4342.1	3291.8	4061.62	6077.17	4199.34	3745.11	5756.38	5023.3	2853.27	2329.39	4318.57	6217.02	7160.78	5385.13	4405.54	3248.73	2929.1	3603.32	2214.29	4373.63	2523.48	3441.62	5439.64	3883.11	2429.41	3642.73	2143.38	4207.37
671.137	2488.85	2962.11	5999.03	3552.98	4592.43	3438.55	4277.4	6405.25	4391.88	3908.42	5990.54	5346.59	3016.46	2432.98	4530.81	6596.06	7596.01	5671.42	4636.76	3413.43	3126.43	3783.53	2363.52	4615.1	2653.19	3637.67	5764.96	4056.69	2519.11	3829.65	2252.29	4411.31
701.167	2539.95	2987.78	6125.63	3653.03	4710.18	3492.61	4409.89	6578.68	4476.22	3961.6	6048.83	5555.9	3114.33	2490.38	4631.99	6772.76	7799.04	5838.69	4769.85	3475.9	3217.05	3889.26	2439.23	4743.37	2695.1	3761.29	5924.93	4146.96	2551.15	3952.62	2287.07	4477.47
731.088	2599.91	2987.83	6165.46	3708.07	4777.92	3532.69	4453.32	6641	4501.02	3985.35	6062.94	5652.66	3187.14	2514.93	4708.77	6867.47	7899.16	5920.94	4861.65	3527.77	3297.75	3931.03	2508.36	4814.79	2729.27	3839.25	6034.67	4205.57	2579.06	4030.3	2358.21	4543.44
761.102	2746.41	3108.3	6473.57	3876.9	5031.49	3687.53	4713.24	6990.87	4701.92	4170.31	6285.36	5993.19	3387.29	2630.31	4930.32	7260.52	8346.32	6218.28	5099.5	3691.88	3495.19	4135.4	2668.41	5063	2865.57	4063.5	6345.8	4390.87	2690.3	4250.02	2456.37	4734.94
791.133	2746.43	3047.78	6375.15	3840.32	4984.97	3642.08	4664.65	6939.26	4631.38	4104.9	6141.92	5935.97	3369.56	2601.59	4874.79	7216.78	8260.14	6176.96	5075.21	3663.34	3490.14	4104.24	2677.39	5025.9	2841.75	4036.32	6310.69	4339.38	2641.44	4221.31	2451.54	4674.85
821.631	2828.33	3101.81	6506.23	3940.97	5127.55	3720.08	4784.63	7110.63	4738.15	4174.25	6248.95	6124.29	3490.5	2669.26	4991.67	7395.24	8463.18	6333.15	5230.63	3757.79	3608.84	4182.69	2774.61	5137.22	2907.34	4177.34	6466.53	4424.05	2708.51	4354.12	2532.37	4768.04
851.989	3030.55	3278.41	6953.82	4213.17	5510.05	3952.44	5123.84	7613.21	5048.93	4453.7	6611.57	6573.25	3761.01	2844.59	5324.38	7961.29	9037.82	6800.56	5619.06	4012.33	3881.67	4474.25	2995.69	5496.44	3100.7	4485.4	6943.77	4681.51	2873.53	4655.25	2682.96	5072.72
881.972	3236.29	3440.3	7370	4459.74	5857.93	4180.36	5432.79	8088.65	5314.07	4719.03	6960.62	6996.42	4024.81	3023.74	5636.66	8427.69	9624.74	7202.41	5981.42	4254.47	4153.15	4737.14	3197.91	5860.22	3290.4	4786.75	7378.09	4953.04	3026.16	4973.93	2850.03	5342.73
