Time [s]	#1 (DAPI)	#2 (DAPI)	#3 (DAPI)	#4 (DAPI)	#5 (DAPI)	#6 (DAPI)	#7 (DAPI)	#8 (DAPI)	#9 (DAPI)	#10 (DAPI)	#11 (DAPI)	#12 (DAPI)	#13 (DAPI)	#14 (DAPI)	#15 (DAPI)	#16 (DAPI)	#17 (DAPI)	#18 (DAPI)	#19 (DAPI)	#20 (DAPI)	#21 (DAPI)	#22 (DAPI)	#23 (DAPI)	#24 (DAPI)	#25 (DAPI)	#26 (DAPI)	#27 (DAPI)	#28 (DAPI)	#29 (DAPI)	#30 (DAPI)	#31 (DAPI)	#32 (DAPI)	#33 (DAPI)	#34 (DAPI)	#35 (DAPI)	#36 (DAPI)	#37 (DAPI)	#38 (DAPI)	#39 (DAPI)	#40 (DAPI)	#41 (DAPI)	#42 (DAPI)	#43 (DAPI)	#44 (DAPI)	#45 (DAPI)	#46 (DAPI)	#47 (DAPI)	#48 (DAPI)	#49 (DAPI)	#50 (DAPI)	#51 (DAPI)	#52 (DAPI)	#53 (DAPI)	#54 (DAPI)	#55 (DAPI)	#56 (DAPI)	#57 (DAPI)	#58 (DAPI)	#59 (DAPI)	#60 (DAPI)	#61 (DAPI)	#62 (DAPI)	#63 (DAPI)	#64 (DAPI)	#65 (DAPI)	#66 (DAPI)	#67 (DAPI)	#68 (DAPI)	#69 (DAPI)	#70 (DAPI)	#71 (DAPI)
23.421	2632.32	3110.64	4156.85	3888.55	3074.13	3427.33	3652.27	4844.89	2788.88	3560.46	1147.66	4961.93	5270.71	2942.1	3372.99	3447.95	2188.53	5003.77	4206.09	3984.18	1506.16	2832.08	4161.34	4150.37	4577.05	3188.07	2814.02	3147.57	3920.49	4991.4	3773.91	4064.47	2819.65	4004.38	3843.27	3154.53	2498.96	1240.36	3226.84	3725.83	3153.47	3236.43	2062.57	3898.61	8341.36	4362.27	4248.39	3095.33	2551.61	3007.45	3836.51	3531.86	3343.69	2635.08	2676.24	2852.31	3080.39	2754.21	2913.48	3597.06	2616.73	2859.38	2538.99	2531.98	7126.95	3320.12	2631.76	3082.48	2455.71	3164.74	2520.34
53.404	3213.72	3809.02	5092.99	4721.1	3706.5	4207.17	4496.27	5875.1	3376.5	4377.53	1234.36	6080.44	6538.7	3520.33	4132.03	4203.64	2620.32	6182.4	5181.73	4919.93	1753.91	3407.12	5135.1	5126.65	5683.55	3908.19	3365.13	3841	4784.51	6103.97	4632.8	5039.6	3474.01	4926.13	4715.07	3848.78	3019.85	1405.9	3963.21	4568.98	3839.51	3896.06	2453.25	4799.32	10109.4	5347.88	5227.98	3779.34	3065.26	3667.49	4716.36	4350.81	4104.71	3198.37	3188.29	3473.17	3741.2	3303.98	3492.85	4416.5	3163.9	3471.04	3046.39	2964.75	8682.58	4035.36	3157.66	3704.17	2812.49	3795.29	2992.94
83.419	3864.18	4572.88	6125.81	5635.99	4448.98	5066.61	5452.29	7031.38	4029.46	5343.85	1362.07	7290.38	7895.37	4194.67	5007.85	5103.4	3118.71	7479.85	6270.07	5956.16	2059.26	4084.98	6216.32	6210.38	6893.09	4724.51	4002.3	4652.89	5762.34	7387.45	5597.25	6097.09	4223.48	5966.85	5706.52	4654.78	3623.61	1635.8	4788	5541.78	4639.56	4692.5	2942.73	5821.6	11959.46	6429.92	6291.53	4552.64	3679.63	4419.57	5726.84	5265.85	4995.21	3854.51	3770.88	4180.08	4492.45	3943.05	4154.96	5351.86	3802.59	4167.62	3621.37	3454.72	10388.61	4856.21	3708.91	4395.62	3233.82	4540.48	3513.89
113.527	4396.38	5263.01	7004.06	6410.68	5105.78	5777.57	6276.69	7983.75	4585.02	6166.67	1488.88	8338.89	9039.52	4768.91	5786.48	5853.83	3549.12	8566.41	7202.81	6863.92	2335.39	4641.23	7136.18	7116.31	7937.55	5430.35	4536.97	5342.16	6607.94	8443.09	6418.88	7011.79	4882.4	6828.21	6546.84	5387.07	4180.98	1854.88	5523.2	6391.68	5332.72	5391.59	3370.01	6703.33	13412.09	7364.67	7230.7	5215.95	4237.37	5083.83	6596.09	6063.2	5749.87	4461.89	4291.27	4782.79	5134.4	4510.04	4759.95	6145.77	4347.34	4770.94	4094.93	3896.84	11733.24	5563.01	4212.34	5009.24	3602.48	5175.43	3996.69
143.885	5125.83	6081.83	8086.85	7396.83	5930.2	6705.02	7326.17	9159.68	5332.97	7187.44	1679.1	9640.49	10479.08	5499.44	6749.44	6823.81	4093.92	9940.54	8378.38	7992.04	2724.41	5405.12	8324.76	8288.14	9251.44	6309.08	5243	6224.33	7666.51	9798.48	7482.16	8170.65	5743.98	7956.04	7605.81	6304.94	4918.55	2165.19	6465.4	7453.87	6256.51	6277.83	3945.6	7854.64	14832.38	8556.71	8439.44	6076.19	4957.69	5949.11	7711.47	7091.19	6736.22	5217.77	4968.64	5588.16	5947.41	5241.74	5498.03	7214.9	5081.1	5543.73	4711.59	4480.71	13424.01	6461.78	4878.33	5785.11	4072.52	6008.76	4601.12
173.868	5636.53	6632.6	8757.89	7985.07	6518.4	7267.68	8014.66	9864.2	5819.06	7863	1825.98	10427.8	11286.36	5972.63	7399.08	7509.85	4463.35	10727.94	9132.06	8734.16	2998.46	5908.74	9101.32	9022.72	10068.05	6909.54	5710.44	6797.98	8343.42	10676.13	8167.96	8921.78	6334.13	8670.56	8304.02	6987.88	5452.68	2403.77	7098.1	8172.24	6887.88	6922.39	4382.02	8601.33	15278.6	9362.25	9228.54	6654.24	5498.38	6547.74	8484.86	7774.11	7389.06	5795.23	5435.48	6108.25	6498.54	5748.38	5992.3	7928.13	5575.1	6080.88	5105.97	4877.73	14222.81	7066.65	5304.58	6313.63	4396.95	6566.08	5015.65
203.836	6177.56	7236.71	9443.17	8646.08	7188	7910.48	8805.31	10642.52	6371.55	8626.53	2011.79	11352.39	12023.17	6528.94	8118.56	8218.56	4886.18	11431.65	9975.5	9546.57	3318.37	6513.27	9953.36	9813.87	10929.13	7592.86	6267.03	7431.85	9066.43	11657.02	8929.1	9742.89	6983.85	9471.39	9056.54	7762.69	6062.07	2693.88	7838.29	8958.11	7602.57	7641.43	4886.33	9458.54	15551.92	10233.78	10117.67	7311.93	6113.2	7254.43	9351.56	8535.39	8122.05	6416.78	5988.16	6730.44	7086.98	6308.26	6573.11	8715.15	6141.39	6662.27	5574.06	5346.42	14870.86	7707.32	5766.77	6859.25	4753.43	7146.88	5501.75
233.803	6744.73	7880.22	10186.52	9330.62	7853.69	8571.38	9625.88	11473.82	6941.92	9424.61	2226.19	12249.98	12522.12	7118.31	8866.23	8985.95	5356.15	11960.9	10881.61	10375.08	3669.24	7155.16	10862.85	10688.69	11549.14	8316.98	6839.88	8116.36	9853.32	12472.56	9727.52	10602.55	7719.5	10287.73	9877.38	8568.4	6720.92	3018.49	8582.73	9794	8408.78	8411.51	5426.6	10350.11	15767.56	11172.87	11060.68	7987.82	6764.12	8011.54	10271.59	9356.04	8930.07	7091.48	6544.66	7352.47	7736.27	6908.63	7162.28	9515.34	6732.16	7281.83	6038.46	5849.55	15330.08	8433.3	6276.4	7481.24	5114.19	7813.81	6017.48
263.787	7253.87	8379.16	10728.82	9864.42	8411.9	9053.03	10238.71	12060.34	7418.81	10033.02	2408.68	12915.12	12776.92	7548.75	9483.99	9594.61	5692.23	12218.48	11494.23	10997.4	3969.06	7621.97	11553.51	11257.09	11897.68	8888.36	7284.89	8650.52	10436.43	12936.01	10341.65	11145.9	8287.49	10913.17	10494.54	9269.96	7296.51	3295.91	9190.44	10413.17	9038.72	9082.19	5918.02	11033.62	15850.47	11888.76	11784.01	8524.45	7308.82	8604.35	11004.7	9962.99	9548.78	7622.49	7001.58	7866.39	8230.8	7414.04	7653.58	10174.78	7216.69	7781.11	6420.09	6253.99	15537.39	8973.43	6691.1	7943.37	5436.61	8340.2	6429.11
293.786	7708.76	8875.36	11283.27	10429.94	9008.67	9564.85	10903.22	12665.49	7884.89	10654.8	2626.27	13638.23	12999.47	8004.92	10078.41	10258.43	6068.65	12419.6	12011.34	11484.7	4290.48	8212.08	12154.72	11710.75	12185.9	9496.16	7769.92	9205.07	11035.06	13352.13	10937.34	11603	8892.2	11557.41	11153.56	9983.17	7902.63	3625.17	9856.39	11134.37	9737.02	9775.11	6429.49	11671.4	15904.62	12641.71	12502.6	9117.87	7935.64	9275.21	11803.66	10655.9	10234.4	8245.77	7513.54	8426.08	8754.26	7965.56	8150.58	10866.84	7752.54	8307.18	6822.04	6720.21	15700.19	9537.52	7130.33	8430.98	5777.26	8908.36	6864.31
323.722	8412.32	9596.18	12055.6	11194.25	9811.94	10318.02	11813.62	13544.06	8606.4	11465.22	2907.11	14570.31	13199.84	8693.32	10989.63	11187.35	6626.87	12628.51	12609.27	11998.17	4755.25	8942.92	12836	12212.77	12466	10398.43	8477.15	10008.77	11905.06	13758.43	11627.96	12065.21	9730.49	12382.02	12068.02	11019.16	8748.3	4049.85	10756.32	12077.12	10699.88	10743.95	7156.87	12377.97	15978.6	13762.32	13249.76	9952.18	8778.52	10176.7	12748.59	11602.53	11177.49	9051.41	8232.87	9185.83	9522.49	8724.27	8880.5	11838.78	8501.25	9059.07	7400.8	7323.02	15902.34	10366.36	7779.02	9158.97	6228.26	9728.75	7504.18
353.799	8845.79	10004.97	12469.43	11677.07	10369.35	10740.47	12397.29	13942.32	9019.38	11800.77	3159.64	14970.72	13274.9	9121.48	11466.57	11752.55	6959.77	12693.57	12819.59	12206.49	5071.83	9466.6	13130.24	12433.6	12558.75	10947.01	8895.88	10502.93	12440.19	13921.71	11942.17	12259.86	10254.27	12778.1	12603.05	11720.41	9348.68	4382.38	11293.6	12612.69	11347.6	11448.77	7683.19	12679.91	16003.17	14386.52	13638.98	10504.53	9363.39	10791.85	13215.89	12253.62	11774.03	9624.76	8670.3	9667.91	9998.67	9229.27	9345.8	12487.6	8972.01	9508.99	7747.31	7739.39	15963.57	10862.12	8167.42	9588.88	6570.58	10221.73	7916.81
383.892	9291.17	10429.21	12864.88	12089.89	10892.12	11126.63	12950.04	14276.54	9461.05	12094.11	3386.09	15293.18	13318.89	9571.9	11890.79	12310.16	7303.48	12744.75	13009.16	12391.72	5384.84	9997.49	13341.95	12594.78	12657.49	11492.65	9383.69	11003.16	12916.15	14087.11	12187.85	12423.18	10769.67	13104.39	13062.54	12437.9	9987.55	4722.15	11770.26	13026.7	12057.09	12121.92	8220.31	12960.58	15961.93	14843.95	13923.69	11082.19	10005.63	11434.97	13630.46	12786.01	12390.69	10171.91	9172.36	10181.81	10479.43	9742.03	9856.78	13106.05	9476.37	10002.34	8121.93	8203.8	16018.04	11392.09	8558.57	10042.23	6890.14	10726.4	8385.25
413.797	9267.82	10332.24	12609.47	11978.01	10868.81	10958.28	12845.56	14113.64	9442.42	12048.08	3480.1	15160.92	13291.76	9509.85	11839.23	12270.84	7332.92	12714.7	12960.5	12353.11	5456.22	10059.38	13307.76	12544.53	12622.82	11500.39	9363.02	10951.6	12782.93	14055.1	12143.37	12375.44	10792.29	13033.52	12983.1	12548.45	10092.69	4844.52	11762.86	13019.78	12130.96	12264.38	8385.08	12934.99	15876.41	14839.4	13889.52	11068.69	10132.62	11497.02	13636.06	12751.46	12417.09	10266.5	9242.63	10190.82	10457.65	9814.26	9867.05	13048.65	9519.64	9988.04	8068.06	8274.28	15961.98	11329.94	8555.05	9998.78	6893.05	10766.85	8405.32
443.781	9722.08	10754.95	12969.52	12389.95	11435.73	11325.25	13346.76	14404.56	9865.16	12279.86	3717.27	15461.37	13339.43	9955.2	12190.73	12763.23	7705.92	12740.12	13103.42	12483.63	5787.78	10617.49	13461.39	12674.89	12709.06	11997.54	9860.16	11395.18	13281.19	14199.45	12362.71	12506.73	11188.47	13308.84	13348.64	13293.34	10757.64	5215.31	12150.37	13329.79	12820.68	12875.51	8954.8	13143.15	15867.36	15195.11	14138.63	11642.46	10799.78	12155.88	13908.24	13236.54	13014.45	10795.75	9756.08	10717.92	10936.07	10362.46	10351.19	13527.67	10037.69	10441.71	8427.14	8746.83	16010.2	11799.41	8991.94	10462.22	7249.65	11323.68	8803.81
473.733	9999.67	10971.72	13125.96	12634.32	11772.13	11490.37	13578.41	14502.94	10179.49	12373.17	3927.39	15548.38	13357.41	10189.71	12375.51	13014.43	7941.1	12752.41	13185.56	12561.2	6044.89	10968.87	13540.33	12731.49	12744.82	12271.79	10150.44	11625.57	13574.38	14270.18	12464.47	12574.2	11448.04	13461.54	13550.79	13799.75	11239.99	5475.35	12346.5	13529.07	13228.99	13340.22	9379.69	13266.2	15869.45	15382.57	14271.03	11966.75	11272.82	12602.02	14055.97	13452.7	13391.33	11220.42	10102.07	11021.47	11222.91	10723.73	10631.64	13797.61	10371.33	10756.87	8659.67	9081.21	16019.6	12136.25	9265.89	10751.75	7454.09	11684	9168.5
503.654	10077.38	11038.75	13109.99	12667.29	11917.19	11525.53	13699.08	14535.99	10360.51	12408.65	4085.57	15583.22	13350.33	10355	12449.85	13138.8	8053.32	12745.25	13217.44	12574.48	6227.75	11170.41	13586.25	12752.26	12737.09	12395.53	10331.49	11756.25	13706.52	14284.6	12494.24	12622.73	11568.14	13530.95	13666.61	14096.37	11592.88	5678.53	12432.12	13617.51	13501.41	13572.64	9683.22	13291	15866.37	15476.32	14341.58	12155.13	11609.33	12894.62	14116.9	13584.29	13560.03	11430.49	10271.07	11194.94	11399.31	10975.99	10842	13953.87	10604.9	10910.45	8769.62	9292.23	15998.87	12275.14	9441.51	10911.33	7621.79	11898.68	9336.18
533.715	10192.13	11056.37	12973.03	12664.39	12052.66	11481.21	13732.48	14454.82	10450.45	12415.38	4197.6	15564.08	13333.77	10465.96	12486.11	13217.24	8177.25	12743.84	13214.43	12575.15	6358.61	11352.24	13603.93	12745.23	12744.43	12515.88	10493.98	11821.38	13718.78	14311.27	12511.41	12618.48	11644.67	13517.25	13661.06	14389.2	11853.46	5879.4	12505.06	13652.71	13687.55	13844.5	9956.69	13325.27	15726.25	15535.99	14365.68	12301.33	11901.6	13138.06	14130.32	13674.1	13685.17	11628.22	10488.59	11338.3	11527.98	11198.09	11042.4	14002.65	10764.09	11036.05	8853.87	9493.79	15949.39	12363.63	9566.02	10983.53	7715.5	12075.21	9510.62
564.089	10616.79	11397.08	13250.82	13065.09	12543.44	11737.87	14087.68	14657.07	10886	12564.41	4451.85	15737.59	13368.04	10854.6	12710.74	13506.25	8540.09	12778.91	13321.85	12678.37	6690.79	11889.3	13708.16	12816.23	12792.89	12867.18	10945.89	12141.06	14118.31	14392.8	12623.63	12706.72	11932.29	13712.76	13910.37	14905.03	12500.06	6233.2	12665.15	13861.72	14133.58	14276.21	10511.61	13457.91	15777.11	15727.42	14521.53	12729.79	12571.56	13689.87	14282.35	13922.8	14087.29	12201.67	10960.54	11844.29	11984.19	11723.2	11529.99	14305.72	11285.73	11499.95	9210.34	9971.73	15988.51	12826.34	9986.57	11381.47	8052.24	12557.31	9962.62
594.337	11193.18	11927.85	13692.13	13607.49	13207.11	12049.44	14481.25	14930	11487.04	12729.25	4787.57	15913.36	13417.7	11456.9	12938.62	13818.59	9037.36	12815.32	13405.45	12762.41	7117.19	12639.11	13798.26	12919.38	12847.11	13212.08	11622.14	12490.65	14607.83	14496.94	12770.76	12804.93	12239.45	13970.3	14198.86	15454.88	13251.66	6731.83	12853.7	14099.23	14577.06	14830.57	11315.18	13586.31	15820.38	15943.9	14674.66	13197.57	13481.86	14316.17	14384.62	14183.12	14602.84	12917.19	11696.64	12580.48	12655.5	12502.76	12199.81	14654.4	11984	12125.47	9747.43	10638.83	16060.92	13487.41	10588.75	12009.82	8465.44	13336.27	10584.68
624.321	11727.62	12414.58	14028.91	14126.41	13765.89	12264.78	14738.39	15156.03	12036.73	12843.14	5081.21	16028.22	13435.57	12001.63	13099.27	14043.38	9517.74	12836.36	13466.83	12836.44	7563.77	13344	13863.73	12970.82	12874.12	13434.12	12242.21	12723.93	14974.07	14565.3	12847.54	12862.52	12474.31	14133.42	14420.71	15767.75	13821.84	7167.79	12991.2	14216.83	14851.42	15262.29	12026.1	13673.15	15848.37	16085.42	14778.38	13531.14	14278.34	14714.2	14438.64	14348.32	14935.99	13634.48	12314.42	13177.04	13255.65	13194.37	12846.69	14873.07	12595.19	12707.83	10201.28	11201.4	16106.46	14053.97	11116.68	12540.71	8926.43	13909.94	11180.67
654.257	11679.2	12244.82	13786.16	13968.36	13734.05	12187.15	14703.55	15053.6	12025.72	12825.48	5176.44	15973.42	13407.67	11965.44	13087.68	14023.69	9543.01	12821.22	13471.2	12825.84	7639.7	13392.66	13867.26	12961.87	12871.38	13425.06	12243.86	12726.32	14900.18	14572.42	12844.32	12864.4	12473.81	14085.05	14406.81	15796.35	13905.51	7283.17	13005.55	14234.1	14892.21	15326.77	12197.24	13667.49	15805	16071.26	14789.54	13569.78	14419.09	14768.45	14445.92	14360.97	14948.62	13695.28	12413.97	13173.28	13268.13	13293.1	12872.36	14890.55	12646.2	12725.32	10231.72	11351.55	16094.52	14054.93	11170.12	12542.11	8964.37	13948.37	11264.79
684.366	11665.74	12119.24	13565.1	13823.09	13716.08	12118.11	14668.54	14966.73	12022.08	12801.02	5261.97	15964.49	13402.55	11950.9	13074.1	14018.34	9577.37	12808.68	13467.23	12803.64	7724.57	13488.63	13863.36	12930.96	12858.95	13427.13	12346.02	12731.18	14830.3	14548.37	12842.95	12857.85	12475.48	14069.42	14376.23	15819.48	14011.47	7409.45	13003.35	14209.42	14920.58	15424.88	12376.29	13670.86	15734.84	16094.24	14791.39	13576.95	14540	14811.62	14445.63	14338.68	14935.76	13763.87	12457.44	13193.71	13286.57	13393.19	12956.83	14884.42	12714.03	12708.72	10243.9	11482.99	16059.27	14022.09	11230.61	12525.85	9030.23	13965.83	11319.01
714.396	12051.3	12441.28	13762.35	14078.06	14059.37	12224.21	14827.94	15036.69	12438.8	12850.32	5483.72	16030.96	13419.91	12396.26	13166.63	14141.53	9960.57	12812.13	13471.13	12839.45	8035.71	14059.81	13878.61	12974.89	12872.35	13566.16	12824.5	12853.06	14994.21	14594.69	12879.64	12871.43	12594.53	14118.4	14451.9	15987.02	14304.71	7801.84	13071.72	14272.77	15073.3	15666.57	12965.98	13704.19	15691.28	16169.15	14831.02	13752.28	15030.06	15019.04	14463.65	14433.53	15104.91	14228.54	12963.35	13583.59	13720.94	13837.42	13450.79	15028.16	13237.43	13137.78	10582.53	11955.09	16038.42	14366.22	11578.63	12889.11	9389.74	14321.89	11777.4
744.301	11662.13	11966.37	13157.81	13563.45	13734.28	11921.22	14563.37	14645.88	12028.34	12741.45	5406.98	15864.83	13354.25	11976.12	13036.05	14016.54	9682.55	12756.28	13410.22	12781.71	7853.1	13685.26	13829.76	12900.03	12835.94	13465.4	12476.47	12698.08	14609.97	14545.05	12793.68	12804.59	12444.89	13981.94	14238.84	15894.28	14135.89	7664.35	13005.55	14155.89	14984.91	15492.19	12755.49	13650.6	15512.78	16087.6	14768.14	13613.03	14818.88	14892.43	14427.71	14353.27	14918.26	13812.41	12624.73	13264.4	13295.87	13598.65	13081.29	14924.18	12840.53	12685.61	10272.04	11667.82	15909.93	13900.8	11228.34	12463.26	9131.4	14061.79	11440.19
774.347	12055.85	12279.74	13377.11	13881.08	14093.31	12109.39	14750.02	14801.61	12470.98	12827.32	5679.3	15952.42	13390.2	12409.79	13155.32	14136.36	10097.8	12778.67	13458.76	12816.23	8239.29	14229.61	13859.13	12946.29	12856.73	13589.53	12967.54	12854.93	14898.52	14557.45	12867.87	12865.58	12590.79	14088.31	14414.13	16044.9	14404.8	8056.62	13055.59	14259.36	15099.82	15790.45	13344.69	13691.03	15594.15	16157.26	14839.94	13786.83	15234.71	15095.09	14464.28	14435.33	15107.36	14364.28	13199.1	13641.8	13727.24	14056.91	13626.68	15048.43	13354.59	13130.24	10641.07	12201.85	15929.38	14303.09	11692.93	12903.96	9223.17	14399.87	11952.59
804.674	12021.65	12206.55	13167.97	13712.72	14087.78	11987.72	14667.8	14652.57	12455.11	12792.77	5743.94	15917.71	13359.85	12430.75	13148.65	14140.11	10146.14	12745.38	13414	12794.75	8270.74	14311.86	13831.88	12918.26	12839.64	13596.49	13056.9	12815.34	14771.78	14544.11	12835.08	12813	12566.87	14038.34	14327.07	16046.91	14478.21	8178.32	13063.23	14211.91	15126.74	15805.21	13484.48	13673.82	15424.83	16153.54	14818.4	13780.43	15300.32	15100.48	14444.55	14413.51	15097.98	14338.5	13259.59	13664.74	13731.93	14104.98	13707.48	15030.57	13436.18	13115.15	10630.39	12371.57	15870.13	14218.51	11705.54	12864.12	9544.37	14420.24	12033.35
834.938	12083.85	12129.84	12995.97	13683.63	14137.18	11945.93	14665.4	14591.28	12540.37	12788.66	5838.21	15880.2	13338.2	12512.71	13145.51	14157.13	10249.18	12744.61	13422.32	12805.54	8398.58	14465.37	13840.11	12913.62	12841.03	13621.15	13225.76	12843.91	14731.78	14550.18	12843.69	12818.75	12600.37	14036.64	14332.27	16084.44	14546.59	8339.53	13073.85	14225.01	15140.81	15867.9	13691.7	13681.07	15384.12	16161.1	14838.64	13834.27	15400.74	15153.94	14452.69	14439.2	15142.37	14428.17	13399.89	13735.1	13808	14260.79	13853.78	15070.22	13559.12	13180.92	10713.71	12517.9	15836.72	14228.53	11817.49	12922.75	9678.07	14497.18	12166.06
865.202	12561.58	12496.71	13270.83	14071.62	14492.94	12145.26	14854.33	14795.72	13068.69	12876.17	6112.72	15995.21	13376.03	13008.44	13250.85	14264.16	10712.58	12784.84	13475.56	12846.33	8821.46	14957.68	13886.7	12956.49	12862.04	13712.88	13791.28	12976.67	15018.52	14587.21	12912.78	12878.47	12744.01	14139.82	14486.48	16161.81	14767.18	8774.31	13138.69	14321.68	15206.9	16064.73	14199.54	13724.18	15503.17	16239.3	14891.18	13981.43	15708.78	15292.19	14485.97	14514.13	15273.86	14861.06	14026.83	14120.02	14258.07	14691.61	14400.91	15195.38	14078.06	13660.78	11159.83	13108.86	15885.78	14620.84	12357.61	13413.67	10100.42	14770.06	12707.99
895.263	12848.09	12697.02	13396.02	14244.6	14672.23	12225.65	14935.73	14824.66	13361.19	12907.93	6349.06	16019.24	13385.69	13333.35	13296.8	14321.42	11032.36	12787.53	13480.22	12858.76	9083.19	15262.7	13889.24	12976.77	12863.47	13771.17	14139.57	13028.15	15102.42	14594.82	12925.83	12880.69	12779.02	14190.4	14531.97	16185.46	14878.45	9101.2	13150.66	14351.72	15249.29	16144.37	14501.39	13733.53	15530.72	16257.15	14905.21	14020.19	15870.66	15351.52	14489.35	14548.54	15319.32	15111.13	14390.22	14338.51	14513.61	14925.22	14690.89	15229.06	14390.82	13927.82	11422.87	13527.94	15903.62	14798.87	12634.92	13668.56	10388.5	14952.36	13084.22
