Time [s]	#1 (DAPI)	#2 (DAPI)	#3 (DAPI)	#4 (DAPI)	#5 (DAPI)	#6 (DAPI)	#8 (DAPI)	#9 (DAPI)	#10 (DAPI)	#11 (DAPI)	#12 (DAPI)	#13 (DAPI)	#14 (DAPI)	#15 (DAPI)	#16 (DAPI)	#17 (DAPI)	#18 (DAPI)	#19 (DAPI)	#20 (DAPI)	#21 (DAPI)	#22 (DAPI)	#24 (DAPI)	#25 (DAPI)	#26 (DAPI)	#27 (DAPI)	#28 (DAPI)	#29 (DAPI)	#30 (DAPI)	#31 (DAPI)	#32 (DAPI)	#33 (DAPI)	#34 (DAPI)	#35 (DAPI)	#36 (DAPI)	#37 (DAPI)	#38 (DAPI)	#39 (DAPI)	#40 (DAPI)	#41 (DAPI)	#42 (DAPI)	#43 (DAPI)	#44 (DAPI)	#45 (DAPI)	#46 (DAPI)	#47 (DAPI)	#48 (DAPI)	#49 (DAPI)	#50 (DAPI)	#51 (DAPI)	#52 (DAPI)	#53 (DAPI)	#54 (DAPI)	#55 (DAPI)	#56 (DAPI)	#57 (DAPI)	#58 (DAPI)	#59 (DAPI)	#60 (DAPI)	#61 (DAPI)	#62 (DAPI)	#63 (DAPI)	#64 (DAPI)	#65 (DAPI)	#66 (DAPI)	#67 (DAPI)	#68 (DAPI)	#69 (DAPI)	#70 (DAPI)	#71 (DAPI)	#72 (DAPI)	#73 (DAPI)	#74 (DAPI)
16.837	2387.63	2452.46	2514.91	3322.74	2153.64	2072.06	2700.86	3612.46	2952.79	2452.31	2564.3	2862.36	2870.72	2176.79	2464.09	2002.87	2399.51	2831.64	3256.83	2397	2574.6	2852.04	3754.2	1992.21	2104.63	2895.97	2226.78	2508.6	3703.41	2258.33	4095.48	3443.18	1399.75	3344.5	3835.21	2582.38	2499.33	2999.14	3278.95	2862.33	3476.88	2899.19	2772.48	2854.65	2635.7	2913.13	2647.98	2933.57	2546.98	1006.07	2822.42	2305.06	1976.06	2343.65	3453.12	2672.34	1935.33	3354.26	3015.88	3632.08	2551.63	2494.91	2522.54	3021.58	1834.54	2276.73	2291.89	2074.23	2334.6	2735.38	2505.49	2491.69
46.758	2804.28	2968.15	3049.81	4083.43	2574.61	2460.41	3217.44	4467.51	3626.41	2964.88	3126.87	3528.68	3508.57	2618.38	2986.78	2404.53	2867.27	3446.59	4021.51	2925.34	3119.64	3456.69	4689.08	2355.14	2520.27	3573.57	2686.08	3055.27	4597.5	2720.08	5094.24	4273.28	1567.87	4114.9	4763.05	3140.14	3052.53	3667.13	4050.21	3508	4308.27	3571.38	3406.2	3478.98	3234.75	3523.91	3222.65	3625.13	3107.19	1096.79	3442.4	2773.38	2389.38	2863.97	4283.96	3255.28	2290.19	4201.32	3683.16	4488.98	3098.9	3021.9	3068.96	3704.32	2182.86	2733.85	2769.2	2499.12	2802.01	3324.21	2995.34	3014.79
76.773	3289.05	3550.86	3667.26	4918.84	3081.42	2943.17	3883.95	5447.8	4405.76	3531.54	3761.78	4284.81	4250.25	3091.59	3591.43	2863.21	3409.03	4108.29	4892.47	3526.58	3744.93	4178.44	5736.36	2793.94	2984.57	4364.79	3212.32	3666.19	5602.41	3253.45	6221.58	5176.18	1784.62	4986.07	5766.21	3780.82	3681.46	4416.04	4901.95	4237.99	5241.64	4322.06	4121.72	4205.44	3917.24	4209.27	3867.92	4387.48	3757.59	1219.51	4145.74	3316.43	2885.64	3439.15	5167.93	3913.9	2714.16	5153.48	4424.55	5467.92	3737.13	3613.23	3682.69	4467.3	2607.03	3264.44	3301.38	2994.18	3332.16	3953.34	3586.8	3627.95
106.912	3691.06	4057.78	4179.06	5608.39	3529.5	3368.11	4403.18	6302.37	5086.58	4003.2	4332.19	4945.48	4872.51	3530.03	4118.37	3246.73	3886.81	4719.74	5638.43	4044.65	4270.2	4769.8	6634.63	3158.33	3392.34	5051.58	3657.38	4199.07	6461.56	3698.97	7157.49	5943.2	2018.48	5759.03	6629.55	4346.9	4223.91	5065.82	5635.9	4828.19	6032.28	4949.3	4731.19	4818.57	4499.18	4765.54	4414.83	5064.37	4307.91	1336.44	4751.53	3781.98	3324.18	3952.99	5879.72	4465.31	3069.87	5945.87	5046.97	6257	4269.66	4121.38	4167	5113.74	2966.68	3709.87	3764.83	3406.13	3792.12	4480.39	4091.67	4120.99
137.317	4227.31	4714.16	4881.91	6493.62	4136.56	3924.75	5043.23	7372.47	5959.27	4621.98	5045.01	5806.92	5667.15	4077.35	4803.95	3783.02	4523.18	5454.53	6579.56	4719.19	4951.94	5521.97	7775.02	3642.1	3910.11	5935.33	4237.73	4900.55	7530.42	4293.1	8376.29	6921.72	2337.23	6746.62	7697.07	5048.26	4933.17	5880.63	6578.75	5612.87	7028.44	5771.94	5544.52	5619.27	5272.99	5510.25	5122.82	5913.62	5030.25	1503.47	5507.23	4377.65	3899.09	4608.61	6813.81	5167.89	3528.91	6969.04	5863.37	7254.67	4979.42	4780.55	4794.17	5908.49	3446.93	4287.28	4346.3	3968.16	4368.56	5188.91	4744.99	4762.33
167.300	4679.19	5240.6	5444.07	7213.12	4645.94	4392.68	5596.92	8252.37	6673.33	5096.88	5644.64	6520.6	6322.23	4540.8	5380.98	4224.64	5050.12	6054.61	7370.73	5288.17	5500.8	6112.08	8688.56	4049.92	4320.04	6667.24	4698.14	5459.69	8412.8	4770.03	9378.87	7684.13	2609.92	7568.36	8544.96	5623.84	5525.84	6547.32	7331.72	6247.02	7846.92	6417.33	6179.38	6292.08	5933.22	6109.42	5690.64	6588.82	5619.08	1659.52	6130.27	4867.28	4409.95	5160.31	7539.11	5712.27	3883.39	7845.47	6504.45	8053.06	5540.29	5326.29	5324.37	6538.29	3855.07	4789.04	4822.99	4447.58	4858.84	5731.32	5266.1	5281.19
197.237	5074.39	5717.49	5922	7780.13	5089.04	4832.04	6056.55	8984.47	7306.11	5482.39	6165.45	7121.09	6849.79	4915.02	5841.16	4583.54	5526.58	6577.5	8006	5772.28	5970.11	6647.22	9461.79	4395.21	4673.24	7289.82	5097.72	5935.51	9145.85	5182.2	10197.38	8312.32	2918.36	8281.58	9220.72	6138.99	6024.36	7133.16	7931.71	6777.25	8507.28	6961.06	6717.34	6854.11	6480.17	6597.16	6159.63	7193.28	6083.97	1803.93	6672.63	5263.98	4864.81	5596.17	8131.18	6189.43	4208.94	8578.76	7039.26	8711.5	6008.81	5740.48	5743.77	7064.08	4217.01	5184.84	5216.84	4845.22	5272.9	6196.11	5727.39	5750.78
227.267	5521.52	6231.1	6476.19	8442.48	5627.84	5345.22	6590.07	9857.33	8027.46	5935.41	6780.64	7855.24	7505.22	5347.7	6392.73	5029.39	6082.99	7156.95	8753.21	6329.72	6488.6	7227.86	10371.7	4777.04	5062.04	8047.18	5540.98	6511.37	9957.79	5653.57	11165.18	9066.83	3257.98	9102.12	10034.28	6701.42	6625.76	7784.22	8655.2	7383.29	9287.24	7583.1	7371.46	7539.6	7115.63	7118.7	6725.63	7851.55	6667.56	1997.24	7283.25	5754.81	5371.07	6136.78	8821.48	6709.23	4555.05	9410.84	7696.16	9423.64	6571.44	6258.61	6212.13	7669.76	4642.76	5664.04	5684.52	5352.92	5721.17	6729	6287.66	6267.33
257.219	5965.56	6777.17	7018.78	9107.95	6168.67	5845.71	7125.84	10693.97	8773.43	6372.63	7404.54	8615.09	8148.12	5801.91	6940.33	5459.65	6640.37	7740.03	9511.46	6898.79	7046.82	7817.24	11186.06	5200.49	5482.36	8784.25	5998.74	7089.76	10817.63	6108.51	12143.02	9794.32	3636.04	9924.29	10798.09	7290.27	7208.82	8419.58	9388.53	7986.21	10048.32	8212.83	8003.07	8198.43	7769.7	7710.48	7290.02	8548.56	7236.69	2190.65	7907.3	6220.28	5923.33	6692.31	9458.58	7246.54	4922.4	10239.78	8351.7	10141.62	7130.67	6755	6703.9	8257.92	5077.74	6138.88	6138.72	5826.5	6213.09	7271.85	6835.85	6765.9
287.171	6372.52	7280.94	7558.65	9689.28	6692.7	6353.18	7606.16	11479.84	9455.09	6794.75	7968.26	9265.62	8717.12	6214.46	7448.67	5880.89	7191.42	8254.15	10159.46	7417.92	7535.01	8325.48	11724.19	5581.37	5841.42	9464.99	6428.32	7596.08	11544.9	6545.57	13014.18	10436.51	3997.07	10686.8	11499.4	7831.44	7754.45	8996.98	10014.06	8502.1	10737.66	8764.44	8605.95	8810.25	8350.39	8194.54	7788.32	9177.66	7732.06	2397.13	8445.58	6640.75	6456.46	7180.58	10036.23	7693.13	5247.52	10935.38	8921.43	10772.56	7625.83	7234.36	7110.6	8759.76	5503.23	6578.93	6560.8	6284.17	6645.31	7728.98	7343.57	7247.75
317.155	6955.33	7905.99	8257.12	10487.51	7365.54	7001.59	8255.55	12510.25	10335.75	7320.46	8721.9	10164.84	9489.83	6753.98	8123.67	6412.39	7883.55	9001.47	11090.6	8113.14	8195.58	9046.78	12235.74	6069.16	6324.88	10388.22	6980.12	8311.43	12274.51	7110.9	14068.79	11282.38	4495.09	11714.85	12402.85	8544.96	8497.71	9792.89	10867.62	9265.16	11530.73	9509.1	9358.57	9636.94	9157.56	8843.73	8485.25	9967.63	8446.48	2646.92	9213.75	7249.96	7116.36	7848.63	10806.53	8317.32	5691.63	11702.22	9693.64	11555.11	8305.97	7845.44	7715.06	9467.72	6052.52	7155.02	7122.66	6911.79	7237.68	8377.62	7996.58	7865.4
347.138	7350.65	8382.53	8711.26	10998.57	7891.88	7491.03	8710.74	13087.81	10954.88	7662.62	9239.05	10802.85	9995.31	7120.42	8621.85	6788.9	8385.17	9480.42	11594.87	8600.18	8652.78	9535.96	12470.32	6441.35	6661.55	10951.17	7384.41	8805	12680.95	7521.32	14626.89	11748.07	4894.9	12430.33	12886	9050.04	8995.52	10344.21	11437.23	9765.61	11994.85	10036.46	9938.51	10217.62	9714.2	9296.9	8949.96	10555.73	8923.97	2886.39	9707.84	7621.63	7615.39	8321.28	11284.84	8729.59	5989.65	12102.46	10230.64	11936.73	8787.66	8286.63	8119.77	9933.16	6470.6	7605.82	7499.39	7359.92	7635	8811.41	8472.88	8301.78
377.231	7967.33	9131.28	9499.34	11884.62	8651.95	8249.96	9423.99	13861.79	11929.75	8269.41	10092.86	11761.06	10857.87	7721.91	9397.34	7401.59	9166.83	10277.26	12183.33	9376.07	9381.03	10325.45	12711.61	6993.68	7231.13	11687.23	7985.15	9609.88	13150.81	8159.76	15256.79	12359.54	5446.03	13562.07	13483.32	9837.77	9804.32	11278.88	12096.34	10595.35	12559.3	10821.61	10813.05	11153.53	10589.75	10008.25	9725.96	11372.9	9700.84	3184.41	10518.44	8283.63	8374.36	9037.2	12079.97	9414.67	6499.1	12527.28	11086.89	12457.81	9518.77	8986.3	8761.72	10706.93	7070.22	8247.25	8157.38	8039.45	8310.22	9539.03	9232.11	9006.64
407.230	7500.19	8620.56	8930.01	11088.39	8264.37	7861.66	8836.04	13276.94	11269.6	7728.48	9506.23	11145.01	10192.77	7275.42	8840.29	6968.16	8715.76	9628.09	11739.94	8857.16	8819.95	9681.06	12543.71	6615.56	6761.65	11219.61	7506.9	9060.14	12740.93	7678.81	14789.42	11823.29	5333.45	12789.35	12932.04	9248.88	9251.64	10572.59	11530.85	9920.99	12071.66	10164.22	10134.38	10526.22	10012.97	9356.71	9177.01	10770.12	9119.88	3119.44	9889.36	7815.8	7978.05	8518.17	11305.92	8819.68	6108.41	12208.76	10391.5	11933.95	8977.86	8424.95	8203.96	10002.49	6748.07	7771.37	7640.73	7630.55	7827.97	8942.64	8709.82	8479.8
437.151	8238.74	9487.91	9793	12047.44	9137.38	8705.19	9674.99	14044.49	12337.82	8387.53	10464.06	12117.26	11131.41	7956.8	9694.12	7683.79	9631.41	10509.94	12338.84	9733.15	9656.06	10544.3	12768.81	7260.73	7376.16	11943.74	8235.18	9969.79	13237.55	8395.62	15418.36	12482.13	5958.55	14043.43	13616.85	10140.04	10168.34	11595.72	12274.89	10820.47	12663.76	11057.11	11072.53	11570.35	11018.92	10179.64	10042.54	11641.19	9990.81	3480.53	10794.27	8567.36	8864.7	9363.8	12168.13	9593.32	6667.01	12643.36	11371.44	12506.34	9839.6	9226.06	8940.46	10886.21	7471.35	8532.11	8364.3	8411.3	8556.12	9775.8	9552.6	9261.07
467.165	8510.36	9811.61	10076.17	12351.54	9499.22	9060.83	9931.56	14218.68	12705.71	8602.13	10836.87	12416.7	11457.34	8201.12	10017.94	7928.89	9975.85	10803	12469.35	10041.95	9941.62	10824.93	12818.67	7492.76	7616.39	12141.13	8459.54	10300.45	13355.6	8664.41	15566.97	12619.43	6347.85	14464.94	13728.48	10463.57	10496.88	11955.36	12450.69	11121.3	12822.83	11308.58	11343.25	11925.06	11380.89	10415.62	10354.88	11886.79	10287.01	3678.91	11117.83	8796.53	9207.76	9629.95	12353.1	9804.25	6837.15	12737.98	11727.1	12633.65	10097.86	9471.7	9158.83	11126.99	7767.48	8798.63	8600.82	8710.03	8805.03	10025.81	9851.34	9547.33
497.040	8876.7	10272.38	10538.65	12852.19	10030.28	9600.05	10387.8	14442.65	13188.31	8957.78	11376.81	12790.58	11894.3	8569.53	10489.58	8287.56	10523.63	11265.9	12633.94	10525.77	10384.26	11285.71	12862.53	7855.18	7921.49	12407.7	8855.3	10786.17	13509.36	9040.58	15771.68	12847.07	6791.22	14947.19	13926.13	10973.52	11013.91	12464.49	12681.92	11577.62	12999.07	11687.26	11723.15	12397.31	11944.55	10854.94	10830.8	12201.9	10745.04	3942.13	11619.79	9185.1	9705.18	10077.68	12661.73	10178.19	7152.04	12875.63	12224.12	12818.47	10599.3	9872.28	9563.06	11564.48	8181.54	9241.36	8968.83	9156.7	9224.2	10455.81	10313.01	9957.84
527.148	8843.22	10187.96	10426.14	12608.44	10031.78	9608.05	10269.88	14379.12	13113.67	8796.95	11286.28	12749.53	11775.52	8452.18	10377.99	8216.92	10478.09	11135.54	12598.38	10480.99	10286.84	11131.78	12848.88	7832.62	7872.3	12371.56	8765.46	10702.18	13455.86	8945.07	15732.27	12757.1	6899.94	14839.43	13853.88	10840.38	10939.72	12334.98	12615.47	11449.06	12932.3	11546.27	11665.04	12323.89	11864.92	10679.76	10734.87	12132.29	10663.58	4005.58	11476.92	9094.34	9670.17	9991.23	12483.4	10001.82	7065.87	12853.21	12085.25	12718.08	10491.31	9747.57	9438.67	11383.02	8167.72	9136.77	8881.23	9113.2	9172.11	10299.71	10265.5	9859.77
557.490	9364.73	10860.3	11090.46	13338.17	10724.15	10298.47	10893.68	14635.17	13742.91	9289.79	12050.8	13090.49	12348.55	8990.07	11036.39	8741.09	11196.99	11780.52	12754.9	11077.21	10919.12	11764.82	12891.88	8338.28	8342.98	12620.86	9301.23	11363.78	13622.22	9487.28	15969.37	13032.27	7500.91	15356.69	14090.24	11527.75	11577.47	13062.77	12890.92	11972.48	13172.66	12033.71	12113.87	12901.88	12612.13	11236.81	11390.6	12536.37	11261.49	4341.52	12138.03	9643.85	10345.83	10630.44	12892.34	10573.87	7478.84	12965.08	12801.6	12961.18	11160.37	10351.19	9973.93	11999.89	8741.92	9737.62	9429.02	9710.23	9710.99	10923.07	10896.2	10425.7
587.473	9890.99	11476.43	11725.09	13895.63	11390.74	10937.78	11475.16	14784.71	14100.76	9732.16	12697.69	13315.57	12792.17	9464.23	11607.99	9244.91	11875.74	12373.26	12858.52	11598.99	11494.1	12349	12911.63	8779.45	8787.38	12755.8	9791.19	11988.3	13711.28	9989.18	16094.04	13222.77	8044.98	15711.32	14226.47	12054.39	12087.27	13680.19	13069.31	12426.64	13335	12383.4	12478.04	13343.28	13159.39	11799.16	11964.22	12778.78	11717.35	4678.28	12779.43	10138.44	10987.19	11144.69	13177.45	11051.65	7885.35	13033.97	13422.1	13116.57	11735.53	10872.93	10476.79	12499.51	9272.49	10234.21	9896.57	10282.22	10210.21	11445.77	11449.07	10977.9
617.660	10443.77	12117.96	12390.93	14462.84	12113.5	11701.78	12067.54	14912.47	14447.67	10202.09	13274.25	13472.09	13139.65	9972.82	12114.7	9752.01	12593.22	13038.6	12922.62	12072.43	12105.94	12982.68	12916.83	9303.07	9264.17	12863.62	10336.47	12549.04	13784.1	10517.02	16210.76	13376.01	8659.09	15985.88	14345.45	12519.4	12519.85	14169.01	13213.68	12817.72	13446.54	12655.18	12808.03	13744.99	13655.15	12382.17	12533.06	12983.3	12146.39	5053.16	13419.63	10673.29	11597.02	11666.26	13406.01	11513.96	8291.66	13086.58	14012.75	13249.99	12326.84	11448.24	11023.7	13028.81	9852.4	10800.91	10468.56	10874.02	10785.18	12047.6	12093.09	11552.02
647.596	10920.27	12701.33	12949.65	14853.28	12748.68	12349.72	12636.85	14982.36	14630.22	10610.04	13706.37	13560.98	13415.5	10418.04	12540.02	10201.81	13251.01	13586.4	12965.55	12405.68	12670.07	13542.33	12927.97	9752.96	9685.19	12925.77	10810.65	13006.1	13815.98	11018.85	16267.85	13485.24	9236.16	16138.06	14408.34	12840.65	12796.39	14579.24	13303.88	13102.42	13528.25	12850.6	13023.74	14029.59	13984.71	12876.83	12947.64	13115.45	12426.41	5392.94	13896.18	11153.36	12057.3	12046.72	13579.08	11858.89	8671	13120.01	14436.33	13344.14	12828.16	11939.04	11513.67	13369.28	10378.78	11293.51	10923.33	11411.36	11253.9	12604.82	12622.41	12072.06
677.798	10899.95	12687.25	12916.39	14763.62	12798.61	12374.51	12570.72	14961.2	14618.14	10553.92	13698.28	13554.2	13368.52	10382.14	12530.1	10183.32	13292.28	13506.28	12964.71	12406.68	12614.54	13442.08	12928.1	9758.47	9639.96	12917.19	10799.21	12970.34	13803.73	10981.86	16264.28	13476.53	9377.5	16115.56	14407.08	12829.57	12786.21	14557.71	13290.07	13080.65	13518.31	12815.73	12980.99	14022.72	13989.13	12779.44	12903.29	13100.75	12411.65	5488.33	13830.37	11122.24	12080.09	11998.97	13531.43	11760.35	8639.41	13117.82	14417.92	13310.15	12789.31	11881.42	11446.04	13312.36	10404.12	11263.79	10887.99	11407.97	11224.76	12503.64	12601.85	11998.92
707.750	11183.89	13039.99	13172.91	14923.92	13168.92	12750.12	12864.92	14988.86	14706.31	10730.38	13880.99	13581.76	13460.49	10598.12	12717.72	10440.28	13622.59	13726.42	12974.59	12537.05	12846.57	13665.66	12928.83	9997.13	9872.08	12933.76	11001.92	13147.91	13825.25	11218.15	16281.2	13506.66	9762.31	16178.21	14422.75	12979.37	12892.53	14749.01	13314.13	13183.29	13545.73	12895.83	13071.33	14130.06	14154.14	13011.55	13081.15	13150.08	12515.61	5712.96	14025.52	11319.29	12283.93	12167.76	13580.78	11910.79	8795.64	13129.39	14580.99	13337.46	13005.37	12125.97	11674.18	13446.17	10664.14	11561.62	11107.38	11688.46	11481.97	12732.64	12856.55	12276.49
737.671	11053.8	12870.79	12986.38	14756.18	13032.5	12695.63	12683.18	14970.36	14657.97	10512.25	13812.24	13561.54	13377.69	10450.23	12626.5	10292.6	13563.94	13564.42	12955.3	12488.54	12715.88	13418.81	12928.24	9914.92	9766.72	12917.65	10868.04	13046.2	13799.95	11073.79	16269.11	13471.77	9769.46	16136.39	14387.55	12917.64	12830.25	14595.1	13287.02	13102.62	13514.09	12824.19	12997.73	14049.71	14067.69	12776.89	12971.41	13111.96	12460.46	5734.71	13850	11192.03	12185.01	12054.27	13486.12	11750.4	8680.21	13125.16	14459.87	13287.3	12868.12	11926.55	11519.63	13276.33	10623.83	11392.21	10968.13	11588.68	11359.79	12563.06	12667.79	12139.62
767.717	11681.19	13628.55	13637.16	15197.66	13774.16	13412.52	13383.5	15038.41	14797.05	11061.9	14181.15	13618.82	13589.36	11011.2	13015.98	10896.68	14274.34	14187.46	12972.9	12780.93	13308.59	14051.19	12933.7	10489.01	10318.76	12944.52	11450.91	13471.18	13834.48	11659.03	16299.54	13586.12	10441.74	16269.89	14457.73	13204.04	13044.64	15021.38	13366.04	13396.33	13594.22	13007.28	13240.25	14340.02	14415.6	13427.6	13386.89	13226.62	12737.36	6172.85	14345.25	11804.12	12692.19	12419.11	13677.04	12128	9143.9	13149.73	14918.97	13380.49	13329.79	12545.36	12147.62	13670.93	11268.3	12018.09	11560.18	12236.81	11986.27	13223.59	13355.52	12757.12
798.012	11711.64	13637.22	13651.7	15115	13837.47	13499.19	13390.44	15042.5	14815.78	11039.22	14215.19	13614.53	13609.65	11031.24	13010.1	10883.96	14348.53	14150.42	12974.13	12788.22	13301.53	14004.56	12932.52	10514.28	10340.78	12945.42	11466.85	13469.26	13833.98	11660.52	16306.29	13587.57	10625.53	16272.78	14465.19	13207.43	13059.05	14969.24	13352.62	13372.88	13583.76	12998.14	13232.6	14327.64	14386.43	13377.24	13378.49	13234.56	12725.45	6278.02	14349.18	11772.92	12701.23	12434.66	13660.14	12106.46	9136.74	13145.52	14906.84	13367.08	13327.14	12539.11	12148.05	13613.08	11301.96	12002.49	11533.44	12281.94	11976.03	13200.7	13337.67	12740.36
828.308	11920.27	13901.78	13830.03	15242.29	14084.89	13754.94	13580.79	15054.27	14852.19	11173.89	14299.07	13620.85	13649.31	11202.28	13120.85	11071.51	14603.37	14322.31	12980.53	12856.84	13471.61	14178.12	12937.48	10768.03	10525.43	12950.7	11645.55	13605.16	13838.21	11876.06	16321.61	13603.36	10938.59	16299.38	14474.98	13272.64	13103.41	15097.61	13363.6	13444.79	13602.75	13031.48	13288.25	14426.04	14490.27	13607.78	13516.63	13254.53	12803.29	6491.66	14444.53	11951.62	12843.33	12526.61	13691.96	12202.98	9298.12	13151.97	15029.78	13383.31	13442.49	12728.28	12349.31	13727.37	11555.72	12227.01	11751.42	12492.37	12163.12	13403.14	13511.03	12945.01
858.556	12213.91	14191.93	14089.73	15378.63	14357.39	14083.75	13911.37	15082.82	14883.52	11404.89	14408.55	13649.51	13700.57	11410.47	13263.47	11308.3	14868.1	14545.94	12982.63	12950.05	13713.62	14386.19	12935.36	11028.42	10775.12	12958.27	11896.15	13770.15	13843.71	12139.55	16344.02	13625	11334.36	16329.91	14489.56	13362.06	13164.97	15236.07	13378.7	13537.37	13625.91	13076.91	13355.12	14521.69	14586.28	13818.54	13672.19	13273.09	12862.2	6744.1	14603.13	12163.29	13012.26	12641.43	13722.79	12345.5	9516.29	13153.13	15239.75	13407.27	13577.68	12973.64	12609.29	13846.15	11839.68	12499.7	11990.42	12812.01	12444.79	13615.21	13747.6	13168.75
888.649	12843.9	14733.95	14561.23	15624.67	14876.16	14605.64	14498.65	15109.55	14943.34	11941.02	14588.27	13674.84	13828.12	11971.28	13466.47	11822.59	15372.94	15010.29	12991.49	13064.73	14133.38	14821.58	12937.56	11617.53	11311.85	12970.57	12382.54	14015.87	13860.49	12722.26	16354.87	13690.38	12026.92	16371.84	14518.39	13503.86	13237.07	15522.18	13408.49	13723.52	13652.34	13164.9	13515.76	14664.17	14729.55	14418.17	13921.25	13330.53	13006.25	7193.21	14977.25	12669.59	13344.42	12847.76	13861.51	12594.45	9979.39	13155.2	15617.77	13447.36	13817.57	13452.29	13227.64	14108.47	12451.08	13100.61	12583.28	13440.06	13026.81	14150.06	14247.07	13704.1
