Time [s]	#1 (DAPI)	#2 (DAPI)	#3 (DAPI)	#4 (DAPI)	#5 (DAPI)	#6 (DAPI)	#7 (DAPI)	#8 (DAPI)	#9 (DAPI)	#10 (DAPI)	#11 (DAPI)	#12 (DAPI)	#13 (DAPI)	#14 (DAPI)	#15 (DAPI)	#16 (DAPI)	#17 (DAPI)	#18 (DAPI)	#19 (DAPI)	#20 (DAPI)	#21 (DAPI)	#22 (DAPI)	#23 (DAPI)	#24 (DAPI)	#25 (DAPI)	#26 (DAPI)	#27 (DAPI)	#28 (DAPI)	#29 (DAPI)	#30 (DAPI)	#31 (DAPI)	#32 (DAPI)	#33 (DAPI)	#34 (DAPI)	#35 (DAPI)	#36 (DAPI)	#37 (DAPI)	#38 (DAPI)	#39 (DAPI)	#40 (DAPI)	#41 (DAPI)	#42 (DAPI)	#43 (DAPI)	#44 (DAPI)	#45 (DAPI)	#46 (DAPI)	#47 (DAPI)	#48 (DAPI)	#49 (DAPI)	#50 (DAPI)	#51 (DAPI)	#52 (DAPI)
23.421	1214.1	1065.03	1266.2	1363.07	977.41	1377.27	1421.92	1301.24	1517.64	1255.36	1377.46	1446.9	1061.16	1401.3	1346.09	1331.02	1537.72	1158.38	1371.31	1124.22	1269.75	1217.61	1222.07	1291.15	1131.27	1650.49	1146.96	1251.54	1580.03	1505.65	1265.67	1446.99	1278.3	1376.77	1182.51	1017.08	1451.42	1329.48	1743.05	1178.12	1425.54	1186.93	1381.68	1148.77	1129.75	1148.02	2007.42	1164.22	1172.72	1041.85	1172.24	1666.22
53.404	1364.13	1145.94	1402.82	1491.61	1020.34	1540.48	1645.83	1449.82	1669.87	1411.18	1560.63	1616.62	1140	1536.1	1490.07	1482.5	1747.38	1273.55	1579.54	1214.24	1409.69	1367.98	1360.27	1428.54	1265.99	1860.46	1248.45	1408.44	1835.63	1668.28	1351.66	1670.87	1406.16	1497.54	1312.03	1092.78	1642.54	1515.62	1972.96	1296	1560.73	1296.7	1543.04	1256.11	1230.54	1246.9	2340.71	1266.27	1274.89	1108.74	1241.44	1866.58
83.419	1542.25	1245.56	1597.32	1656.48	1090.15	1739.47	1906.24	1645.05	1853.38	1601.85	1782.6	1836.37	1239.93	1729	1698.55	1676.38	2037.33	1427.76	1838.02	1339.89	1609.78	1548.39	1535.34	1613.32	1435.09	2100.34	1374.43	1602.93	2153.27	1877.7	1480.86	1942.13	1580.49	1668.51	1495.96	1207.8	1878.12	1754.46	2273.65	1459.45	1735.54	1447.61	1767.32	1409.12	1356.7	1375.43	2729.74	1417.34	1399.12	1218.76	1339.01	2123.92
113.527	1722.09	1344.86	1769.34	1785.02	1144.31	1904.91	2173.07	1819.24	2020.56	1790.38	1986.6	2052.42	1332.04	1914.41	1881.8	1858.85	2304.1	1568.42	2105.31	1461.61	1772.92	1722.74	1693.29	1792.57	1615.04	2316.14	1500.15	1779.95	2447.53	2071.22	1598.43	2217.47	1731.66	1792.26	1662.05	1319.62	2091.18	1965.82	2552.75	1612.57	1880.5	1587.1	1990.49	1549.83	1480.71	1493.35	3075.86	1546.79	1548.79	1332.96	1433.16	2327.77
143.885	1980.33	1486.56	2012.14	1979	1235.32	2138.89	2500.07	2065.34	2276.89	2035.65	2262.32	2338.63	1458.27	2158.72	2138.09	2113.02	2672.43	1760.1	2446.47	1633.11	2028.45	1958.28	1921.1	2025.13	1859.31	2600.62	1673.34	2040.16	2883.67	2350.19	1762.38	2584.92	1942.27	1998.36	1907.51	1499.35	2390.99	2294.57	2944.17	1841.22	2109.83	1795.37	2321.77	1778.57	1657.73	1682.74	3552.31	1755.29	1747.88	1508.74	1579.74	2603
173.868	2164.28	1580.04	2186.32	2098.78	1277.41	2283.75	2757.83	2236.06	2465.95	2210.6	2462.68	2572.66	1538.53	2345.82	2324.76	2299.15	2947.52	1910.54	2736.46	1748.13	2196.48	2135.03	2080.77	2200.26	2046.64	2790.32	1790.98	2209.73	3193.46	2564.14	1875.73	2875.04	2107.26	2122.73	2091.08	1640.14	2596.91	2534.86	3238.63	2026.47	2258.94	1949.35	2599.76	1948.35	1805.97	1805.5	3875.79	1918.47	1904.23	1652.8	1686.75	2803.12
203.836	2401.3	1710.02	2396.73	2256.76	1348.47	2458.56	3044.09	2449.47	2656.61	2413.61	2692.98	2845.56	1623.11	2583.31	2542.75	2522.41	3278.04	2083.57	3055.09	1898.99	2403.04	2336.06	2271.31	2421.38	2259.8	3016.59	1953.99	2408.17	3581.03	2825.78	2039.61	3215.74	2279.68	2299.8	2296.19	1809.63	2827.74	2823.94	3589.43	2235.36	2452.17	2152.8	2906.21	2170.51	1972.18	1968.3	4222.71	2101.55	2102.93	1830.88	1827.91	3020.49
233.803	2657.54	1848.28	2621.61	2422.41	1426.92	2657.37	3356.34	2664.66	2900.26	2649.82	2952.17	3135.61	1738.28	2834.88	2782.31	2777.51	3635.21	2269.22	3417.98	2065.72	2637.53	2569.38	2485.51	2661.97	2522.35	3257.27	2123.35	2649.67	4013.97	3122.11	2202.97	3600.97	2496.14	2466.79	2548.03	2024.77	3124.45	3148.15	3988.98	2495.07	2669.62	2372.78	3277.16	2406	2169.85	2162.29	4629.66	2346.73	2329.75	2049.83	1974.02	3270.53
263.787	2868.57	1973.7	2825.76	2551.71	1480.53	2804.53	3627.54	2864	3106.63	2844.46	3172.21	3404.83	1829.66	3076.19	3011.5	2992.65	3953.58	2434.36	3751.7	2209.08	2852.7	2767.13	2678.88	2855.82	2729.79	3453.13	2270.07	2859.57	4380.02	3370.35	2341.85	3943.45	2678.48	2625.68	2780.93	2215.62	3352.6	3433.82	4334.93	2713.76	2857.61	2577.56	3625.56	2635.33	2353.65	2328.96	4967.32	2534.14	2532.69	2244.66	2119.39	3461.41
293.786	3121.78	2115.49	3054.26	2692.71	1548.48	2967.62	3919.09	3068.51	3360.26	3060.12	3399.6	3696.81	1933.04	3312.05	3232.11	3226.57	4301.41	2628.79	4099.37	2376.25	3080.58	2983.45	2887.05	3092.83	2981.34	3676.7	2449.4	3074.58	4786.63	3658.16	2517.3	4322.99	2874.96	2790.74	3013.27	2445.73	3624.22	3757.87	4720.91	2984.42	3057.59	2811.13	3983.53	2900.09	2552.46	2522.58	5311.77	2784.54	2762.08	2472.28	2275.39	3691.46
323.722	3452.84	2318.51	3355.64	2892.57	1660.61	3209.56	4319.06	3356.64	3669.82	3341.59	3729.58	4097.13	2072.9	3655.08	3546.84	3538.56	4767.12	2883.43	4560.71	2617.02	3405.48	3269.85	3176.92	3396.07	3312.42	3982.15	2693.41	3359.08	5326.33	4065.68	2756.27	4847.02	3157.88	3059.61	3372.15	2746.63	3978.49	4202.98	5249.28	3339.34	3367.66	3144	4482.83	3241.09	2829.88	2792.13	5825.03	3088.67	3084.05	2782.69	2498.1	4005.97
353.799	3696.34	2455.11	3567.43	3031.16	1727.85	3373.35	4601.35	3576.98	3921.55	3565.09	3965.36	4384.01	2177.42	3927.38	3770.91	3782.42	5116.92	3064.08	4905.98	2790.02	3651.79	3483.09	3392.25	3630.29	3556.72	4192.79	2863.11	3582.08	5727.49	4374.9	2930.53	5239.43	3359.64	3236.92	3633.93	2984.15	4242.93	4500.31	5659.62	3619.33	3593.57	3397.63	4865.74	3530.55	3060.59	2985.82	6195.1	3360.29	3344	3043.2	2672.53	4210.42
383.892	3944.53	2618.61	3788.85	3173.84	1817.52	3523.24	4883.91	3786.88	4170.7	3785.22	4208.02	4684.7	2286.72	4206.4	3982.8	4002.9	5475.95	3265.76	5253.34	2969.3	3905.32	3718.92	3612.75	3880.35	3818.58	4407.3	3058.15	3803.15	6141.91	4686.21	3131.06	5655.43	3564.13	3440.53	3913.21	3263.79	4516.5	4857.6	6065.05	3909.68	3819.3	3669.69	5254.32	3825.89	3279.55	3198.09	6542.45	3636.19	3606.4	3301.96	2851.07	4428.19
413.797	4018.76	2645.76	3835.32	3192.98	1819.96	3520.12	4942.52	3829.75	4254.1	3826.49	4265.51	4794.03	2306.22	4287.36	4022.49	4072.44	5549.2	3319.98	5357.77	3046.12	3997.32	3778.04	3669.5	3916.18	3891.59	4425.16	3116.2	3831.75	6252.32	4792.7	3198.81	5784.91	3618.43	3503.75	4023.88	3392.09	4601.15	4965.73	6232.28	4045.82	3901.91	3785.9	5424.32	3962.42	3370.34	3285.06	6606.2	3758.86	3722.92	3450.66	2926.59	4456.44
443.781	4259.8	2828.65	4077.02	3353.66	1907.55	3684.22	5241.44	4047.26	4546.89	4033.07	4506.44	5103.07	2422.62	4594.98	4263.45	4314.88	5895.7	3541.18	5720.38	3234.46	4271.83	4000.55	3900.58	4159.39	4150.06	4670.05	3315.03	4051.32	6686.14	5142.18	3420.71	6245.3	3834.18	3718.9	4321.34	3687.84	4877.84	5318.47	6673.92	4362.66	4156.89	4078.08	5824.1	4293.85	3615.17	3523	6988.71	4041.28	4006.66	3738.7	3104.79	4687.05
473.733	4441.69	2948.58	4233.74	3468.91	1967.37	3794.2	5445.21	4215.81	4752.85	4187.75	4705.66	5336.49	2493.52	4821.24	4424.11	4490.86	6183.9	3695.62	5986.09	3395.79	4500.04	4178.8	4085.79	4357.76	4355.04	4835.64	3485.71	4234.9	6981.36	5420.27	3603.78	6586.39	4010.23	3887.37	4563.6	3931.11	5117.16	5603.43	7026.7	4601.33	4359.42	4340.17	6152.06	4546.48	3820.32	3720.97	7282.15	4284.45	4239.65	3968.15	3256.46	4826.58
503.654	4589.76	3053.85	4360.73	3527.92	2016.62	3851.07	5604.54	4323.51	4913.64	4304.1	4809.32	5501.66	2553.02	4976.03	4536.07	4624.63	6361.58	3804.94	6174.19	3499.95	4676.91	4296.58	4200.83	4485.58	4510.75	4962.59	3599.32	4341.24	7216.24	5637.86	3725.36	6811.42	4144.13	4026.19	4754.26	4126.25	5270.94	5821.45	7341.69	4816.1	4514.21	4521.78	6389.98	4766.26	3962.97	3864.09	7466.09	4483.8	4421.68	4170.72	3384.16	4974.84
533.715	4709.88	3140	4455.46	3591.42	2060.94	3911.45	5722.17	4416.83	5040.54	4402.64	4927.44	5654.53	2601.53	5153.54	4621.73	4727.67	6541.73	3904.57	6327.62	3604.02	4818.21	4419.29	4336.46	4604.26	4629.9	5045.93	3731.77	4433.15	7390.85	5843.35	3847.42	7045.28	4235.21	4161.7	4925.07	4316.84	5447.04	5987.3	7572.54	5007.62	4661.94	4737.15	6580.17	4975.42	4119.82	4009.48	7634.08	4667.64	4607.79	4354.32	3495.83	5055.39
564.089	4965.37	3325.78	4702.7	3745.31	2163.14	4067.43	6014.45	4635.49	5355.47	4644.66	5174.88	5956.35	2725.66	5445.77	4829.72	4976.33	6882.53	4120.21	6683.03	3818.77	5143.93	4649.03	4579.67	4833.88	4914.34	5289.34	3957.65	4651.96	7795.92	6218.75	4083.68	7507.29	4457.43	4427.35	5247.29	4632.21	5737.36	6378.7	8037.52	5343.26	4939.02	5071.87	6994.3	5321.31	4383.99	4277.79	7998.16	4992.27	4914.32	4660.07	3699.86	5310.73
594.337	5318.33	3562.42	5017.94	3983.05	2302.98	4297.39	6412.07	4940.09	5751.57	4933.05	5502.91	6377.78	2905.19	5868.26	5140.8	5319.34	7357.34	4399.64	7148.21	4094.76	5547.93	4969.59	4897.09	5175.64	5257.43	5640.52	4246.15	4952.93	8336.42	6708.96	4420.93	8079.68	4796.77	4755.19	5673.35	5053.62	6171.78	6844.4	8662.68	5782.42	5309.32	5504.38	7532.45	5790.14	4727.39	4611.33	8562.56	5399.26	5302.58	5062.86	3975.42	5650.15
624.321	5626.14	3779.57	5309.68	4191.14	2443.65	4527.37	6768.94	5198.57	6126.29	5214.33	5835.3	6772.22	3071.59	6260.91	5420.53	5634.11	7813.12	4690	7595.14	4373.02	5938.94	5273.58	5230.45	5485.74	5580.74	5990.13	4535.75	5245.82	8854.73	7194.31	4697.94	8609.3	5057.26	5093.13	6063.28	5488.8	6568.74	7317.29	9263.4	6190.23	5675.4	5914.94	8030.11	6228.76	5069.7	4935.37	9049.62	5809.83	5681	5441.96	4221.28	5987.45
654.257	5684.27	3847.02	5369.56	4231.69	2483.75	4535.08	6842.78	5269.8	6228.3	5270.25	5892.85	6856.41	3118.2	6361.93	5454.83	5688.37	7907.53	4747.93	7669.92	4438.11	6070.31	5340.1	5298.3	5528.81	5674.81	6055.88	4631.26	5287.38	8954.36	7325.5	4823.79	8808.35	5139.16	5215.24	6192.06	5642.7	6678.11	7435.58	9443.53	6364.9	5787.13	6079.38	8202.04	6390.86	5183.06	5054.37	9150.39	5957.14	5823.63	5596.6	4311.24	6059.35
684.366	5774.52	3923.46	5425.1	4270.81	2520.15	4549.62	6879.43	5310.18	6344.65	5346.79	5961.78	6923.61	3152.09	6469.45	5513.71	5774.28	7981.89	4823.52	7764.55	4511.6	6204.85	5421.96	5390.09	5604.56	5751.92	6134.76	4727.74	5343	9044.98	7501.19	4930.22	8959.4	5214.11	5333.43	6336.32	5811.88	6765.34	7557.89	9632.22	6527.85	5939.87	6269.07	8328.06	6552.69	5308.02	5162.25	9255.56	6090.96	5949.85	5748.98	4397.33	6109.08
714.396	6013.13	4097.89	5668.27	4460.81	2638.91	4726.78	7174.19	5564.59	6636.92	5560.76	6221.04	7244.76	3296.3	6819.2	5719.09	6020.35	8343.74	5048.58	8141.51	4752.81	6533.08	5648.64	5637.39	5861.48	5996.22	6406.84	4977.66	5555.47	9476.33	7913.58	5200.39	9405.67	5437.21	5636.91	6673.42	6148.17	7098.84	7929.51	10090.52	6868.03	6259.07	6639.43	8690.17	6942.13	5611.09	5460.35	9631.18	6436.15	6270.38	6073.48	4604.79	6401.78
744.301	5895.28	4067.42	5549.6	4364.26	2608.01	4602.57	6984.75	5438.46	6573.1	5453.52	6084.41	7121.03	3239.07	6686.29	5585.82	5899.61	8166.53	4952.25	7947.21	4687.48	6458.7	5547.92	5529.56	5746.93	5882.19	6284.74	4899.88	5431.23	9234.33	7815.12	5154.76	9237.43	5349.54	5609.65	6576.71	6113.44	6971.84	7783.72	9949.76	6774.87	6185.91	6598.91	8546.55	6883.58	5543.06	5396.71	9400.19	6386.25	6197.7	6008.72	4556.44	6266.78
774.347	6149.78	4268.19	5805.36	4560.67	2730.42	4790.78	7314.3	5698.35	6939.1	5723.85	6380.37	7437.47	3409.3	7019.93	5844.02	6181.84	8553.38	5205.75	8337.78	4916.72	6843.76	5846.84	5783.28	6023.4	6186.4	6594.46	5175.87	5674.73	9678.3	8252.06	5435.26	9735.89	5615.04	5977.62	6949.11	6488.1	7353.54	8203.01	10473.06	7154.61	6556.93	7031.15	8966.45	7290.69	5868.71	5692.61	9863.2	6754.33	6549.02	6366.67	4797.08	6553.88
804.674	6231.81	4321.22	5857.16	4623.16	2788.72	4826.29	7371.85	5750.35	7051.48	5764.93	6468.26	7520.87	3466.94	7143.88	5878.36	6257.77	8647.75	5286.73	8420.56	5005.52	6950.75	5920.14	5883.57	6084.54	6235.9	6673.75	5277.29	5727.25	9757.54	8401.19	5567.92	9842.77	5669.55	6104.82	7059.32	6653.44	7443.11	8299.08	10625.87	7277.06	6678.42	7198.51	9029.77	7430.4	6005.51	5798.97	9899.71	6893.37	6669.42	6481.58	4854.77	6616.62
834.938	6307.67	4431.08	5980.87	4706.63	2849.3	4869.13	7469.2	5832.07	7205.61	5866.01	6564.65	7669.99	3526.34	7287.54	5939.3	6342.09	8771.56	5383.04	8537.25	5131.04	7153	6012.62	5979.72	6195.19	6362.58	6813.4	5417.12	5821.9	9877.91	8618.9	5717.08	10045.19	5775.64	6284.83	7253.45	6857.27	7598.06	8459.83	10870.89	7465.09	6845.91	7369.17	9199.88	7624.28	6147.39	5979.64	10099.25	7070.11	6823.54	6645.4	4960.62	6752.35
865.202	6623.2	4656.79	6256.99	4927.35	3015.29	5095.73	7822.26	6115.98	7601.54	6180.33	6870.62	8021.12	3711.2	7649.3	6239.8	6670.78	9187.73	5655.18	8949.21	5409.77	7578.85	6311.95	6287.35	6490.25	6680.64	7184.3	5715.27	6102.72	10397.18	9100.89	6059.88	10583.76	6074.94	6701.21	7666.06	7287.42	8005.3	8916.02	11476.22	7882.44	7248.81	7851.75	9643.2	8084.12	6511.48	6327.31	10590.22	7504.17	7223.02	7043.8	5240.16	7101.09
895.263	6835.45	4839.88	6479.25	5098.72	3131.27	5230.02	8056.51	6308.56	7900.39	6365.73	7097.89	8278.17	3862.17	7944.81	6427.99	6920.47	9516.78	5867.11	9274.46	5615.42	7869.66	6570.56	6532.73	6719.98	6910.64	7444.32	5969.7	6293.28	10699.19	9483.05	6330.12	10957.19	6292.53	7046.61	7977.44	7615.92	8303.31	9256.87	11909.67	8181.96	7553.9	8238.29	9965.32	8452.2	6802.35	6584.57	10964.16	7823.52	7503.8	7318.98	5419.92	7382.59
